------------------------------------------------------------------------------------------------------------------------
Vector testing report
Params:

Collected 150 files with 0 errors

------------------------------------------------------------------------------------------------------------------------
Metric: "auroc"
split_name                 scores_valid                                                                    
                                   mean   t_pm t_int_l t_int_h    std                                values
model_name feature_name                                                                                    
lgbm       mles_orig5__000       0.7835 0.0036  0.7799  0.7870 0.0029  [0.7883 0.7837 0.7812 0.7822 0.7818]
           mles_orig5__001       0.7859 0.0030  0.7829  0.7889 0.0024  [0.7889 0.7844 0.7828 0.7875 0.7859]
           mles_orig5__002       0.7873 0.0018  0.7855  0.7891 0.0015  [0.7891 0.7862 0.7856 0.7884 0.7872]
           mles_orig5__003       0.7879 0.0024  0.7855  0.7902 0.0019  [0.7911 0.7872 0.7862 0.7871 0.7877]
           mles_orig5__004       0.7890 0.0028  0.7862  0.7918 0.0022  [0.7924 0.7881 0.7864 0.7898 0.7884]
           mles_orig5__005       0.7886 0.0032  0.7854  0.7917 0.0025  [0.7924 0.7868 0.7858 0.7887 0.7890]
           mles_orig5__006       0.7892 0.0033  0.7859  0.7925 0.0026  [0.7929 0.7887 0.7857 0.7902 0.7885]
           mles_orig5__007       0.7897 0.0031  0.7866  0.7928 0.0025  [0.7933 0.7890 0.7867 0.7910 0.7888]
           mles_orig5__008       0.7902 0.0034  0.7867  0.7936 0.0028  [0.7939 0.7890 0.7869 0.7920 0.7891]
           mles_orig5__009       0.7901 0.0029  0.7872  0.7929 0.0023  [0.7932 0.7885 0.7873 0.7913 0.7899]
           mles_orig5__010       0.7900 0.0033  0.7867  0.7934 0.0027  [0.7941 0.7896 0.7865 0.7902 0.7897]
           mles_orig5__011       0.7899 0.0035  0.7864  0.7934 0.0028  [0.7943 0.7890 0.7867 0.7906 0.7890]
           mles_orig5__012       0.7906 0.0033  0.7872  0.7939 0.0027  [0.7945 0.7899 0.7871 0.7913 0.7901]
           mles_orig5__013       0.7906 0.0036  0.7871  0.7942 0.0029  [0.7947 0.7889 0.7872 0.7919 0.7904]
           mles_orig5__014       0.7906 0.0038  0.7868  0.7945 0.0031  [0.7955 0.7891 0.7875 0.7914 0.7897]
           mles_orig5__015       0.7906 0.0034  0.7872  0.7940 0.0027  [0.7944 0.7896 0.7872 0.7920 0.7898]
           mles_orig5__016       0.7905 0.0033  0.7872  0.7937 0.0026  [0.7942 0.7894 0.7873 0.7918 0.7895]
           mles_orig5__017       0.7908 0.0034  0.7874  0.7942 0.0027  [0.7948 0.7893 0.7876 0.7918 0.7907]
           mles_orig5__018       0.7908 0.0031  0.7877  0.7940 0.0025  [0.7944 0.7899 0.7876 0.7919 0.7903]
           mles_orig5__019       0.7906 0.0036  0.7870  0.7942 0.0029  [0.7949 0.7898 0.7869 0.7912 0.7901]
           mles_orig5__020       0.7910 0.0036  0.7873  0.7946 0.0029  [0.7952 0.7896 0.7874 0.7922 0.7905]
           mles_orig5__021       0.7908 0.0036  0.7872  0.7944 0.0029  [0.7948 0.7898 0.7869 0.7921 0.7904]
           mles_orig5__022       0.7904 0.0038  0.7866  0.7941 0.0030  [0.7945 0.7894 0.7862 0.7915 0.7902]
           mles_orig5__023       0.7909 0.0037  0.7872  0.7946 0.0030  [0.7948 0.7903 0.7870 0.7927 0.7898]
           mles_orig5__024       0.7910 0.0033  0.7877  0.7943 0.0027  [0.7948 0.7900 0.7875 0.7919 0.7909]
           mles_orig5__025       0.7912 0.0034  0.7878  0.7945 0.0027  [0.7953 0.7907 0.7878 0.7918 0.7903]
           mles_orig5__026       0.7909 0.0034  0.7875  0.7942 0.0027  [0.7949 0.7901 0.7874 0.7916 0.7905]
           mles_orig5__027       0.7910 0.0030  0.7880  0.7941 0.0024  [0.7948 0.7902 0.7882 0.7916 0.7903]
           mles_orig5__028       0.7909 0.0035  0.7874  0.7944 0.0028  [0.7953 0.7895 0.7877 0.7916 0.7905]
           mles_orig5__029       0.7907 0.0039  0.7868  0.7946 0.0032  [0.7954 0.7897 0.7867 0.7916 0.7901]
split_name                 scores_test                                                                    
                                  mean   t_pm t_int_l t_int_h    std                                values
model_name feature_name                                                                                   
lgbm       mles_orig5__000      0.7872 0.0004  0.7868  0.7876 0.0003  [0.7873 0.7866 0.7872 0.7874 0.7873]
           mles_orig5__001      0.7872 0.0010  0.7862  0.7882 0.0008  [0.7873 0.7869 0.7868 0.7866 0.7886]
           mles_orig5__002      0.7884 0.0009  0.7875  0.7893 0.0007  [0.7885 0.7879 0.7882 0.7878 0.7895]
           mles_orig5__003      0.7901 0.0007  0.7894  0.7908 0.0006  [0.7906 0.7901 0.7905 0.7892 0.7900]
           mles_orig5__004      0.7905 0.0008  0.7896  0.7913 0.0007  [0.7905 0.7907 0.7898 0.7899 0.7915]
           mles_orig5__005      0.7901 0.0011  0.7890  0.7911 0.0009  [0.7911 0.7889 0.7903 0.7905 0.7895]
           mles_orig5__006      0.7912 0.0008  0.7903  0.7920 0.0007  [0.7921 0.7911 0.7913 0.7902 0.7912]
           mles_orig5__007      0.7918 0.0006  0.7912  0.7924 0.0005  [0.7919 0.7911 0.7924 0.7917 0.7918]
           mles_orig5__008      0.7926 0.0007  0.7919  0.7933 0.0006  [0.7926 0.7918 0.7934 0.7925 0.7927]
           mles_orig5__009      0.7931 0.0010  0.7921  0.7941 0.0008  [0.7929 0.7927 0.7929 0.7924 0.7945]
           mles_orig5__010      0.7925 0.0007  0.7918  0.7932 0.0005  [0.7922 0.7926 0.7933 0.7919 0.7926]
           mles_orig5__011      0.7921 0.0013  0.7908  0.7934 0.0010  [0.7923 0.7904 0.7921 0.7931 0.7927]
           mles_orig5__012      0.7924 0.0010  0.7914  0.7934 0.0008  [0.7924 0.7912 0.7934 0.7927 0.7921]
           mles_orig5__013      0.7928 0.0006  0.7921  0.7934 0.0005  [0.7933 0.7925 0.7924 0.7922 0.7933]
           mles_orig5__014      0.7929 0.0005  0.7924  0.7934 0.0004  [0.7926 0.7924 0.7933 0.7929 0.7932]
           mles_orig5__015      0.7931 0.0008  0.7923  0.7939 0.0007  [0.7934 0.7924 0.7938 0.7924 0.7935]
           mles_orig5__016      0.7936 0.0005  0.7931  0.7941 0.0004  [0.7930 0.7940 0.7937 0.7935 0.7938]
           mles_orig5__017      0.7934 0.0008  0.7926  0.7942 0.0006  [0.7928 0.7937 0.7944 0.7928 0.7933]
           mles_orig5__018      0.7932 0.0005  0.7927  0.7937 0.0004  [0.7933 0.7927 0.7930 0.7934 0.7936]
           mles_orig5__019      0.7936 0.0006  0.7930  0.7942 0.0005  [0.7936 0.7936 0.7929 0.7939 0.7941]
           mles_orig5__020      0.7933 0.0010  0.7923  0.7943 0.0008  [0.7944 0.7922 0.7932 0.7934 0.7933]
           mles_orig5__021      0.7936 0.0006  0.7930  0.7941 0.0005  [0.7936 0.7936 0.7939 0.7927 0.7940]
           mles_orig5__022      0.7937 0.0003  0.7934  0.7940 0.0002  [0.7937 0.7935 0.7938 0.7940 0.7934]
           mles_orig5__023      0.7940 0.0009  0.7931  0.7949 0.0007  [0.7946 0.7942 0.7941 0.7928 0.7945]
           mles_orig5__024      0.7938 0.0007  0.7931  0.7945 0.0006  [0.7934 0.7935 0.7942 0.7933 0.7946]
           mles_orig5__025      0.7933 0.0006  0.7928  0.7939 0.0005  [0.7929 0.7931 0.7938 0.7930 0.7939]
           mles_orig5__026      0.7936 0.0006  0.7930  0.7942 0.0005  [0.7939 0.7936 0.7941 0.7928 0.7936]
           mles_orig5__027      0.7935 0.0009  0.7927  0.7944 0.0007  [0.7938 0.7935 0.7942 0.7924 0.7939]
           mles_orig5__028      0.7937 0.0008  0.7929  0.7945 0.0007  [0.7946 0.7935 0.7936 0.7929 0.7941]
           mles_orig5__029      0.7942 0.0007  0.7935  0.7949 0.0006  [0.7940 0.7936 0.7949 0.7937 0.7946]

------------------------------------------------------------------------------------------------------------------------
End of report.     Current time: 2023-02-07 18:52:36
------------------------------------------------------------------------------------------------------------------------
