------------------------------------------------------------------------------------------------------------------------
Vector testing report
Params:

Collected 150 files with 0 errors

------------------------------------------------------------------------------------------------------------------------
Metric: "auroc"
split_name                  scores_valid                                                                    
                                    mean   t_pm t_int_l t_int_h    std                                values
model_name feature_name                                                                                     
lgbm       mles_hs2048__000       0.7836 0.0030  0.7806  0.7867 0.0024  [0.7871 0.7821 0.7820 0.7853 0.7817]
           mles_hs2048__001       0.7858 0.0020  0.7838  0.7878 0.0016  [0.7885 0.7860 0.7845 0.7852 0.7848]
           mles_hs2048__002       0.7872 0.0015  0.7857  0.7887 0.0012  [0.7887 0.7882 0.7860 0.7870 0.7861]
           mles_hs2048__003       0.7878 0.0017  0.7861  0.7896 0.0014  [0.7901 0.7874 0.7871 0.7881 0.7865]
           mles_hs2048__004       0.7884 0.0018  0.7866  0.7903 0.0015  [0.7904 0.7890 0.7864 0.7886 0.7877]
           mles_hs2048__005       0.7884 0.0022  0.7862  0.7906 0.0018  [0.7907 0.7896 0.7861 0.7875 0.7883]
           mles_hs2048__006       0.7895 0.0021  0.7874  0.7916 0.0017  [0.7912 0.7905 0.7870 0.7900 0.7887]
           mles_hs2048__007       0.7894 0.0027  0.7867  0.7920 0.0021  [0.7924 0.7907 0.7871 0.7886 0.7881]
           mles_hs2048__008       0.7897 0.0029  0.7868  0.7926 0.0023  [0.7927 0.7902 0.7862 0.7895 0.7898]
           mles_hs2048__009       0.7895 0.0019  0.7876  0.7914 0.0016  [0.7916 0.7891 0.7874 0.7901 0.7891]
           mles_hs2048__010       0.7906 0.0027  0.7879  0.7932 0.0021  [0.7933 0.7918 0.7876 0.7904 0.7898]
           mles_hs2048__011       0.7897 0.0030  0.7868  0.7927 0.0024  [0.7935 0.7895 0.7869 0.7895 0.7893]
           mles_hs2048__012       0.7909 0.0024  0.7884  0.7933 0.0019  [0.7931 0.7920 0.7879 0.7904 0.7909]
           mles_hs2048__013       0.7902 0.0026  0.7876  0.7928 0.0021  [0.7929 0.7906 0.7874 0.7909 0.7891]
           mles_hs2048__014       0.7907 0.0027  0.7880  0.7934 0.0022  [0.7935 0.7910 0.7875 0.7916 0.7899]
           mles_hs2048__015       0.7904 0.0030  0.7875  0.7934 0.0024  [0.7937 0.7909 0.7870 0.7904 0.7901]
           mles_hs2048__016       0.7906 0.0020  0.7886  0.7926 0.0016  [0.7924 0.7911 0.7882 0.7915 0.7898]
           mles_hs2048__017       0.7902 0.0025  0.7877  0.7927 0.0020  [0.7929 0.7902 0.7872 0.7904 0.7903]
           mles_hs2048__018       0.7907 0.0023  0.7884  0.7930 0.0018  [0.7931 0.7915 0.7882 0.7909 0.7898]
           mles_hs2048__019       0.7906 0.0029  0.7878  0.7935 0.0023  [0.7935 0.7915 0.7872 0.7911 0.7898]
           mles_hs2048__020       0.7907 0.0033  0.7874  0.7940 0.0027  [0.7944 0.7913 0.7874 0.7914 0.7888]
           mles_hs2048__021       0.7909 0.0026  0.7883  0.7935 0.0021  [0.7938 0.7917 0.7883 0.7913 0.7895]
           mles_hs2048__022       0.7910 0.0025  0.7885  0.7935 0.0020  [0.7940 0.7910 0.7888 0.7914 0.7898]
           mles_hs2048__023       0.7911 0.0025  0.7886  0.7936 0.0020  [0.7936 0.7915 0.7882 0.7917 0.7904]
           mles_hs2048__024       0.7908 0.0026  0.7882  0.7934 0.0021  [0.7937 0.7917 0.7882 0.7909 0.7895]
           mles_hs2048__025       0.7910 0.0026  0.7884  0.7936 0.0021  [0.7940 0.7909 0.7882 0.7913 0.7903]
           mles_hs2048__026       0.7904 0.0028  0.7875  0.7932 0.0023  [0.7934 0.7905 0.7871 0.7910 0.7898]
           mles_hs2048__027       0.7905 0.0027  0.7878  0.7932 0.0022  [0.7937 0.7907 0.7879 0.7909 0.7892]
           mles_hs2048__028       0.7909 0.0025  0.7884  0.7933 0.0020  [0.7932 0.7913 0.7878 0.7918 0.7903]
           mles_hs2048__029       0.7907 0.0024  0.7882  0.7931 0.0020  [0.7932 0.7911 0.7879 0.7913 0.7898]
split_name                  scores_test                                                                    
                                   mean   t_pm t_int_l t_int_h    std                                values
model_name feature_name                                                                                    
lgbm       mles_hs2048__000      0.7870 0.0006  0.7864  0.7876 0.0005  [0.7876 0.7872 0.7862 0.7870 0.7870]
           mles_hs2048__001      0.7885 0.0004  0.7881  0.7889 0.0003  [0.7883 0.7885 0.7881 0.7887 0.7890]
           mles_hs2048__002      0.7898 0.0007  0.7890  0.7905 0.0006  [0.7906 0.7899 0.7897 0.7889 0.7898]
           mles_hs2048__003      0.7901 0.0008  0.7893  0.7910 0.0007  [0.7900 0.7907 0.7894 0.7909 0.7897]
           mles_hs2048__004      0.7908 0.0010  0.7898  0.7917 0.0008  [0.7916 0.7903 0.7901 0.7901 0.7916]
           mles_hs2048__005      0.7897 0.0009  0.7888  0.7905 0.0007  [0.7902 0.7900 0.7897 0.7899 0.7885]
           mles_hs2048__006      0.7905 0.0004  0.7901  0.7909 0.0003  [0.7908 0.7905 0.7907 0.7900 0.7905]
           mles_hs2048__007      0.7927 0.0005  0.7922  0.7932 0.0004  [0.7933 0.7929 0.7926 0.7922 0.7924]
           mles_hs2048__008      0.7919 0.0006  0.7912  0.7925 0.0005  [0.7920 0.7924 0.7917 0.7911 0.7922]
           mles_hs2048__009      0.7929 0.0011  0.7918  0.7940 0.0009  [0.7944 0.7926 0.7929 0.7922 0.7924]
           mles_hs2048__010      0.7928 0.0007  0.7920  0.7935 0.0006  [0.7932 0.7928 0.7926 0.7919 0.7934]
           mles_hs2048__011      0.7929 0.0003  0.7926  0.7932 0.0002  [0.7927 0.7928 0.7931 0.7928 0.7933]
           mles_hs2048__012      0.7935 0.0010  0.7925  0.7944 0.0008  [0.7937 0.7936 0.7926 0.7929 0.7946]
           mles_hs2048__013      0.7929 0.0011  0.7919  0.7940 0.0009  [0.7945 0.7922 0.7929 0.7926 0.7926]
           mles_hs2048__014      0.7940 0.0012  0.7927  0.7952 0.0010  [0.7952 0.7945 0.7928 0.7943 0.7931]
           mles_hs2048__015      0.7940 0.0012  0.7928  0.7953 0.0010  [0.7952 0.7934 0.7934 0.7931 0.7951]
           mles_hs2048__016      0.7937 0.0005  0.7931  0.7942 0.0004  [0.7935 0.7931 0.7942 0.7936 0.7939]
           mles_hs2048__017      0.7940 0.0009  0.7932  0.7949 0.0007  [0.7941 0.7936 0.7936 0.7936 0.7952]
           mles_hs2048__018      0.7938 0.0014  0.7924  0.7951 0.0011  [0.7945 0.7931 0.7941 0.7922 0.7949]
           mles_hs2048__019      0.7937 0.0004  0.7933  0.7941 0.0003  [0.7936 0.7938 0.7938 0.7932 0.7941]
           mles_hs2048__020      0.7938 0.0011  0.7927  0.7949 0.0009  [0.7947 0.7938 0.7933 0.7926 0.7945]
           mles_hs2048__021      0.7935 0.0009  0.7926  0.7943 0.0007  [0.7936 0.7931 0.7945 0.7926 0.7936]
           mles_hs2048__022      0.7934 0.0006  0.7928  0.7940 0.0005  [0.7938 0.7936 0.7936 0.7926 0.7934]
           mles_hs2048__023      0.7938 0.0004  0.7933  0.7942 0.0003  [0.7935 0.7942 0.7938 0.7933 0.7940]
           mles_hs2048__024      0.7935 0.0006  0.7929  0.7941 0.0005  [0.7934 0.7938 0.7937 0.7926 0.7938]
           mles_hs2048__025      0.7942 0.0007  0.7935  0.7948 0.0005  [0.7936 0.7940 0.7942 0.7940 0.7950]
           mles_hs2048__026      0.7936 0.0006  0.7930  0.7942 0.0005  [0.7939 0.7934 0.7931 0.7935 0.7943]
           mles_hs2048__027      0.7936 0.0004  0.7932  0.7940 0.0003  [0.7937 0.7933 0.7937 0.7932 0.7940]
           mles_hs2048__028      0.7938 0.0007  0.7931  0.7945 0.0006  [0.7942 0.7933 0.7932 0.7938 0.7945]
           mles_hs2048__029      0.7934 0.0008  0.7926  0.7942 0.0007  [0.7944 0.7936 0.7929 0.7927 0.7933]

------------------------------------------------------------------------------------------------------------------------
End of report.     Current time: 2023-02-15 11:34:44
------------------------------------------------------------------------------------------------------------------------
