------------------------------------------------------------------------------------------------------------------------
Vector testing report
Params:

Collected 115 files with 0 errors

------------------------------------------------------------------------------------------------------------------------
Metric: "auroc"
split_name                            scores_valid                                                                    
                                              mean   t_pm t_int_l t_int_h    std                                values
model_name feature_name                                                                                               
lgbm       mles_softmax5_3_h2048__000       0.7867 0.0026  0.7842  0.7893 0.0021  [0.7901 0.7872 0.7850 0.7854 0.7859]
           mles_softmax5_3_h2048__001       0.7904 0.0021  0.7883  0.7926 0.0017  [0.7930 0.7890 0.7887 0.7910 0.7905]
           mles_softmax5_3_h2048__002       0.7916 0.0024  0.7892  0.7940 0.0019  [0.7939 0.7903 0.7890 0.7924 0.7923]
           mles_softmax5_3_h2048__003       0.7927 0.0029  0.7898  0.7956 0.0023  [0.7963 0.7914 0.7900 0.7930 0.7927]
           mles_softmax5_3_h2048__004       0.7935 0.0041  0.7894  0.7975 0.0033  [0.7975 0.7906 0.7897 0.7955 0.7941]
           mles_softmax5_3_h2048__005       0.7941 0.0024  0.7918  0.7965 0.0019  [0.7961 0.7928 0.7917 0.7958 0.7943]
           mles_softmax5_3_h2048__006       0.7936 0.0035  0.7901  0.7972 0.0029  [0.7972 0.7923 0.7896 0.7945 0.7945]
           mles_softmax5_3_h2048__007       0.7944 0.0029  0.7914  0.7973 0.0023  [0.7978 0.7922 0.7921 0.7946 0.7950]
           mles_softmax5_3_h2048__008       0.7946 0.0023  0.7923  0.7969 0.0019  [0.7968 0.7925 0.7929 0.7959 0.7949]
           mles_softmax5_3_h2048__009       0.7946 0.0035  0.7911  0.7981 0.0028  [0.7980 0.7927 0.7909 0.7951 0.7962]
           mles_softmax5_3_h2048__010       0.7953 0.0031  0.7922  0.7984 0.0025  [0.7984 0.7946 0.7917 0.7961 0.7957]
           mles_softmax5_3_h2048__011       0.7946 0.0033  0.7913  0.7979 0.0026  [0.7980 0.7934 0.7909 0.7951 0.7957]
           mles_softmax5_3_h2048__012       0.7953 0.0032  0.7921  0.7985 0.0026  [0.7988 0.7951 0.7915 0.7958 0.7952]
           mles_softmax5_3_h2048__013       0.7949 0.0026  0.7922  0.7975 0.0021  [0.7971 0.7953 0.7914 0.7955 0.7950]
           mles_softmax5_3_h2048__014       0.7949 0.0033  0.7915  0.7982 0.0027  [0.7975 0.7941 0.7906 0.7962 0.7958]
           mles_softmax5_3_h2048__015       0.7950 0.0033  0.7917  0.7983 0.0027  [0.7978 0.7943 0.7908 0.7962 0.7959]
           mles_softmax5_3_h2048__016       0.7948 0.0034  0.7913  0.7982 0.0028  [0.7979 0.7950 0.7903 0.7957 0.7950]
           mles_softmax5_3_h2048__017       0.7950 0.0037  0.7913  0.7987 0.0030  [0.7980 0.7934 0.7906 0.7972 0.7956]
           mles_softmax5_3_h2048__018       0.7948 0.0033  0.7915  0.7982 0.0027  [0.7975 0.7937 0.7908 0.7964 0.7958]
           mles_softmax5_3_h2048__019       0.7950 0.0031  0.7919  0.7982 0.0025  [0.7979 0.7938 0.7913 0.7961 0.7961]
           mles_softmax5_3_h2048__020       0.7949 0.0033  0.7916  0.7982 0.0026  [0.7972 0.7941 0.7908 0.7970 0.7953]
           mles_softmax5_3_h2048__021       0.7951 0.0037  0.7914  0.7987 0.0029  [0.7986 0.7943 0.7906 0.7957 0.7962]
           mles_softmax5_3_h2048__022       0.7952 0.0031  0.7920  0.7983 0.0025  [0.7980 0.7939 0.7915 0.7962 0.7962]
split_name                            scores_test                                                                    
                                             mean   t_pm t_int_l t_int_h    std                                values
model_name feature_name                                                                                              
lgbm       mles_softmax5_3_h2048__000      0.7892 0.0005  0.7887  0.7897 0.0004  [0.7895 0.7892 0.7897 0.7887 0.7889]
           mles_softmax5_3_h2048__001      0.7916 0.0008  0.7909  0.7924 0.0006  [0.7916 0.7908 0.7923 0.7913 0.7922]
           mles_softmax5_3_h2048__002      0.7935 0.0002  0.7933  0.7938 0.0002  [0.7937 0.7933 0.7936 0.7935 0.7936]
           mles_softmax5_3_h2048__003      0.7957 0.0010  0.7948  0.7967 0.0008  [0.7957 0.7948 0.7958 0.7955 0.7969]
           mles_softmax5_3_h2048__004      0.7969 0.0007  0.7962  0.7976 0.0006  [0.7975 0.7964 0.7961 0.7972 0.7972]
           mles_softmax5_3_h2048__005      0.7987 0.0009  0.7979  0.7996 0.0007  [0.7996 0.7986 0.7979 0.7983 0.7993]
           mles_softmax5_3_h2048__006      0.7992 0.0007  0.7985  0.7999 0.0006  [0.8001 0.7993 0.7986 0.7989 0.7990]
           mles_softmax5_3_h2048__007      0.7990 0.0002  0.7988  0.7992 0.0002  [0.7991 0.7990 0.7991 0.7992 0.7988]
           mles_softmax5_3_h2048__008      0.7988 0.0009  0.7979  0.7998 0.0008  [0.7983 0.7986 0.7990 0.8000 0.7981]
           mles_softmax5_3_h2048__009      0.7989 0.0007  0.7983  0.7996 0.0005  [0.7990 0.7991 0.7981 0.7996 0.7988]
           mles_softmax5_3_h2048__010      0.7986 0.0009  0.7977  0.7996 0.0008  [0.7995 0.7982 0.7977 0.7992 0.7986]
           mles_softmax5_3_h2048__011      0.7995 0.0010  0.7986  0.8005 0.0008  [0.7999 0.7987 0.7988 0.8005 0.7997]
           mles_softmax5_3_h2048__012      0.7994 0.0010  0.7984  0.8004 0.0008  [0.7994 0.8000 0.7979 0.7997 0.7999]
           mles_softmax5_3_h2048__013      0.7995 0.0007  0.7988  0.8002 0.0006  [0.7998 0.7997 0.7999 0.7985 0.7996]
           mles_softmax5_3_h2048__014      0.7995 0.0006  0.7989  0.8001 0.0005  [0.7994 0.7996 0.7991 0.7992 0.8003]
           mles_softmax5_3_h2048__015      0.7999 0.0005  0.7994  0.8004 0.0004  [0.7997 0.7996 0.7994 0.8002 0.8004]
           mles_softmax5_3_h2048__016      0.7997 0.0004  0.7992  0.8001 0.0004  [0.7997 0.7994 0.8002 0.7993 0.7996]
           mles_softmax5_3_h2048__017      0.7998 0.0010  0.7989  0.8008 0.0008  [0.8009 0.7999 0.7988 0.8002 0.7994]
           mles_softmax5_3_h2048__018      0.7997 0.0011  0.7987  0.8008 0.0009  [0.7995 0.7990 0.7990 0.8010 0.8002]
           mles_softmax5_3_h2048__019      0.7996 0.0004  0.7992  0.8000 0.0003  [0.7996 0.7992 0.7999 0.7999 0.7996]
           mles_softmax5_3_h2048__020      0.7995 0.0007  0.7988  0.8003 0.0006  [0.7994 0.7995 0.7993 0.8005 0.7990]
           mles_softmax5_3_h2048__021      0.7991 0.0008  0.7982  0.7999 0.0007  [0.7990 0.7995 0.7983 0.8000 0.7986]
           mles_softmax5_3_h2048__022      0.7995 0.0003  0.7992  0.7999 0.0003  [0.7998 0.7998 0.7994 0.7991 0.7996]

------------------------------------------------------------------------------------------------------------------------
End of report.     Current time: 2023-02-13 09:12:14
------------------------------------------------------------------------------------------------------------------------
