------------------------------------------------------------------------------------------------------------------------
Vector testing report
Params:

Collected 150 files with 0 errors

------------------------------------------------------------------------------------------------------------------------
Metric: "auroc"
split_name                    scores_valid                                                                    
                                      mean   t_pm t_int_l t_int_h    std                                values
model_name feature_name                                                                                       
lgbm       mles_softmax6__000       0.7836 0.0026  0.7810  0.7861 0.0021  [0.7869 0.7813 0.7828 0.7837 0.7832]
           mles_softmax6__001       0.7866 0.0023  0.7844  0.7889 0.0018  [0.7885 0.7857 0.7839 0.7876 0.7875]
           mles_softmax6__002       0.7886 0.0024  0.7862  0.7910 0.0019  [0.7913 0.7884 0.7860 0.7893 0.7880]
           mles_softmax6__003       0.7890 0.0018  0.7872  0.7908 0.0015  [0.7901 0.7895 0.7864 0.7894 0.7895]
           mles_softmax6__004       0.7902 0.0023  0.7880  0.7925 0.0018  [0.7922 0.7906 0.7873 0.7899 0.7911]
           mles_softmax6__005       0.7900 0.0016  0.7884  0.7916 0.0013  [0.7919 0.7901 0.7883 0.7902 0.7896]
           mles_softmax6__006       0.7902 0.0019  0.7882  0.7921 0.0016  [0.7919 0.7903 0.7877 0.7910 0.7900]
           mles_softmax6__007       0.7905 0.0035  0.7870  0.7941 0.0028  [0.7949 0.7908 0.7871 0.7892 0.7906]
           mles_softmax6__008       0.7904 0.0024  0.7880  0.7928 0.0019  [0.7936 0.7900 0.7886 0.7903 0.7894]
           mles_softmax6__009       0.7915 0.0024  0.7891  0.7940 0.0020  [0.7947 0.7905 0.7896 0.7908 0.7921]
           mles_softmax6__010       0.7914 0.0017  0.7896  0.7931 0.0014  [0.7937 0.7915 0.7902 0.7910 0.7904]
           mles_softmax6__011       0.7911 0.0023  0.7888  0.7934 0.0018  [0.7940 0.7914 0.7891 0.7903 0.7906]
           mles_softmax6__012       0.7908 0.0019  0.7889  0.7928 0.0015  [0.7934 0.7909 0.7894 0.7901 0.7903]
           mles_softmax6__013       0.7909 0.0020  0.7889  0.7928 0.0016  [0.7935 0.7908 0.7893 0.7900 0.7908]
           mles_softmax6__014       0.7908 0.0019  0.7889  0.7927 0.0015  [0.7933 0.7912 0.7899 0.7897 0.7898]
           mles_softmax6__015       0.7909 0.0018  0.7890  0.7927 0.0015  [0.7929 0.7910 0.7888 0.7908 0.7909]
           mles_softmax6__016       0.7912 0.0021  0.7891  0.7933 0.0017  [0.7940 0.7907 0.7895 0.7909 0.7908]
           mles_softmax6__017       0.7912 0.0024  0.7888  0.7937 0.0020  [0.7944 0.7915 0.7891 0.7908 0.7904]
           mles_softmax6__018       0.7909 0.0022  0.7887  0.7931 0.0018  [0.7940 0.7899 0.7898 0.7904 0.7902]
           mles_softmax6__019       0.7910 0.0020  0.7890  0.7930 0.0016  [0.7936 0.7910 0.7893 0.7903 0.7910]
           mles_softmax6__020       0.7912 0.0021  0.7890  0.7933 0.0017  [0.7939 0.7912 0.7893 0.7905 0.7908]
           mles_softmax6__021       0.7911 0.0020  0.7891  0.7931 0.0016  [0.7935 0.7911 0.7891 0.7911 0.7907]
           mles_softmax6__022       0.7914 0.0016  0.7898  0.7930 0.0013  [0.7935 0.7910 0.7902 0.7909 0.7912]
           mles_softmax6__023       0.7912 0.0016  0.7896  0.7928 0.0013  [0.7934 0.7909 0.7901 0.7908 0.7907]
           mles_softmax6__024       0.7914 0.0023  0.7892  0.7937 0.0018  [0.7943 0.7914 0.7894 0.7913 0.7905]
           mles_softmax6__025       0.7914 0.0020  0.7894  0.7934 0.0016  [0.7939 0.7913 0.7896 0.7909 0.7912]
           mles_softmax6__026       0.7910 0.0022  0.7888  0.7931 0.0018  [0.7939 0.7907 0.7891 0.7905 0.7907]
           mles_softmax6__027       0.7907 0.0022  0.7885  0.7929 0.0018  [0.7936 0.7911 0.7891 0.7898 0.7900]
           mles_softmax6__028       0.7913 0.0021  0.7892  0.7934 0.0017  [0.7937 0.7918 0.7891 0.7909 0.7909]
           mles_softmax6__029       0.7911 0.0017  0.7894  0.7929 0.0014  [0.7933 0.7909 0.7894 0.7912 0.7909]
split_name                    scores_test                                                                    
                                     mean   t_pm t_int_l t_int_h    std                                values
model_name feature_name                                                                                      
lgbm       mles_softmax6__000      0.7870 0.0011  0.7859  0.7882 0.0009  [0.7869 0.7857 0.7873 0.7882 0.7871]
           mles_softmax6__001      0.7892 0.0010  0.7882  0.7902 0.0008  [0.7899 0.7888 0.7885 0.7887 0.7902]
           mles_softmax6__002      0.7913 0.0005  0.7908  0.7918 0.0004  [0.7912 0.7916 0.7917 0.7912 0.7908]
           mles_softmax6__003      0.7908 0.0007  0.7901  0.7914 0.0005  [0.7909 0.7909 0.7909 0.7912 0.7898]
           mles_softmax6__004      0.7932 0.0007  0.7925  0.7938 0.0005  [0.7937 0.7928 0.7936 0.7932 0.7925]
           mles_softmax6__005      0.7926 0.0010  0.7917  0.7936 0.0008  [0.7921 0.7938 0.7929 0.7918 0.7926]
           mles_softmax6__006      0.7935 0.0008  0.7927  0.7944 0.0007  [0.7932 0.7947 0.7934 0.7931 0.7932]
           mles_softmax6__007      0.7932 0.0007  0.7924  0.7939 0.0006  [0.7933 0.7939 0.7927 0.7936 0.7924]
           mles_softmax6__008      0.7946 0.0007  0.7940  0.7953 0.0006  [0.7956 0.7947 0.7942 0.7944 0.7943]
           mles_softmax6__009      0.7955 0.0007  0.7948  0.7961 0.0005  [0.7954 0.7950 0.7949 0.7961 0.7959]
           mles_softmax6__010      0.7955 0.0012  0.7943  0.7967 0.0010  [0.7964 0.7958 0.7962 0.7948 0.7942]
           mles_softmax6__011      0.7951 0.0006  0.7944  0.7957 0.0005  [0.7945 0.7952 0.7956 0.7955 0.7945]
           mles_softmax6__012      0.7950 0.0004  0.7946  0.7954 0.0003  [0.7948 0.7954 0.7950 0.7951 0.7946]
           mles_softmax6__013      0.7946 0.0005  0.7941  0.7951 0.0004  [0.7941 0.7950 0.7947 0.7943 0.7949]
           mles_softmax6__014      0.7951 0.0011  0.7940  0.7962 0.0008  [0.7963 0.7952 0.7955 0.7942 0.7943]
           mles_softmax6__015      0.7953 0.0004  0.7949  0.7957 0.0003  [0.7950 0.7952 0.7952 0.7958 0.7955]
           mles_softmax6__016      0.7953 0.0004  0.7949  0.7958 0.0003  [0.7952 0.7956 0.7954 0.7957 0.7949]
           mles_softmax6__017      0.7954 0.0009  0.7946  0.7963 0.0007  [0.7960 0.7958 0.7954 0.7957 0.7943]
           mles_softmax6__018      0.7950 0.0003  0.7947  0.7953 0.0002  [0.7949 0.7947 0.7950 0.7951 0.7954]
           mles_softmax6__019      0.7952 0.0006  0.7947  0.7958 0.0005  [0.7948 0.7956 0.7950 0.7949 0.7958]
           mles_softmax6__020      0.7953 0.0009  0.7945  0.7962 0.0007  [0.7963 0.7953 0.7955 0.7953 0.7943]
           mles_softmax6__021      0.7951 0.0004  0.7947  0.7955 0.0003  [0.7950 0.7954 0.7949 0.7955 0.7947]
           mles_softmax6__022      0.7953 0.0007  0.7946  0.7960 0.0005  [0.7959 0.7953 0.7957 0.7947 0.7948]
           mles_softmax6__023      0.7954 0.0008  0.7946  0.7962 0.0007  [0.7948 0.7963 0.7954 0.7947 0.7958]
           mles_softmax6__024      0.7949 0.0005  0.7944  0.7953 0.0004  [0.7945 0.7953 0.7953 0.7945 0.7947]
           mles_softmax6__025      0.7952 0.0007  0.7945  0.7959 0.0006  [0.7948 0.7959 0.7958 0.7946 0.7949]
           mles_softmax6__026      0.7950 0.0009  0.7941  0.7959 0.0007  [0.7952 0.7958 0.7953 0.7948 0.7938]
           mles_softmax6__027      0.7950 0.0005  0.7945  0.7955 0.0004  [0.7945 0.7956 0.7951 0.7951 0.7949]
           mles_softmax6__028      0.7958 0.0003  0.7956  0.7961 0.0002  [0.7958 0.7957 0.7956 0.7962 0.7960]
           mles_softmax6__029      0.7954 0.0005  0.7950  0.7959 0.0004  [0.7958 0.7958 0.7949 0.7952 0.7955]

------------------------------------------------------------------------------------------------------------------------
End of report.     Current time: 2023-02-10 05:43:44
------------------------------------------------------------------------------------------------------------------------
