------------------------------------------------------------------------------------------------------------------------
Vector testing report
Params:
    conf: "conf/embeddings_validation_baselines_unsupervised.yaml"

Collected 45 files with 0 errors

------------------------------------------------------------------------------------------------------------------------
Metric: "auroc"
split_name                         scores_valid                                                                                                                                                                                             
                                           mean  t_pm t_int_l t_int_h   std                           values t_f_stat t_f_alpha t_t_stat t_t_alpha t_delta t_delta_pm t_delta_l t_delta_h t_delta_pp t_delta_pm_pp t_delta_l_pp t_delta_h_pp
model_name feature_name                                                                                                                                                                                                                     
lgbm       barlow_twins_embeddings        0.851 0.009   0.842   0.860 0.007  [0.854 0.861 0.843 0.852 0.845]    1.961     0.735   -4.369     0.001  -0.025      0.013    -0.038    -0.012     -2.805         1.481       -4.286       -1.325
           baseline                       0.876 0.013   0.863   0.888 0.010  [0.892 0.879 0.868 0.870 0.870]    1.000     0.500    0.000     0.500   0.000      0.015    -0.015     0.015      0.000         1.704       -1.704        1.704
           cpc_embeddings                 0.850 0.008   0.843   0.858 0.006  [0.858 0.856 0.847 0.847 0.844]    2.595     0.811   -4.689     0.001  -0.025      0.012    -0.038    -0.013     -2.884         1.418       -4.302       -1.465
           mles2_embeddings               0.876 0.008   0.868   0.884 0.006  [0.883 0.882 0.868 0.874 0.873]    2.595     0.811    0.046     0.518   0.000      0.012    -0.012     0.013      0.029         1.418       -1.390        1.447
           mles_embeddings                0.874 0.008   0.866   0.882 0.006  [0.882 0.879 0.866 0.872 0.870]    2.563     0.808   -0.354     0.366  -0.002      0.012    -0.014     0.011     -0.218         1.421       -1.639        1.203
           nsp_embeddings                 0.837 0.014   0.824   0.851 0.011  [0.843 0.847 0.832 0.844 0.820]    0.867     0.447   -5.741     0.000  -0.039      0.015    -0.054    -0.023     -4.403         1.768       -6.171       -2.635
           random_encoder                 0.616 0.025   0.591   0.641 0.020  [0.611 0.604 0.649 0.597 0.620]    0.254     0.107  -25.541     0.000  -0.260      0.023    -0.283    -0.236    -29.649         2.677      -32.326      -26.972
           rtd_embeddings                 0.840 0.009   0.831   0.850 0.008  [0.842 0.843 0.837 0.850 0.829]    1.803     0.709   -6.206     0.000  -0.035      0.013    -0.049    -0.022     -4.043         1.502       -5.546       -2.541
           sop_embeddings                 0.777 0.008   0.769   0.785 0.007  [0.782 0.776 0.768 0.784 0.776]    2.392     0.790  -18.080     0.000  -0.099      0.013    -0.111    -0.086    -11.251         1.435      -12.686       -9.816
split_name                         scores_test                                                                                                                                                                                             
                                          mean  t_pm t_int_l t_int_h   std                           values t_f_stat t_f_alpha t_t_stat t_t_alpha t_delta t_delta_pm t_delta_l t_delta_h t_delta_pp t_delta_pm_pp t_delta_l_pp t_delta_h_pp
model_name feature_name                                                                                                                                                                                                                    
lgbm       barlow_twins_embeddings       0.865 0.005   0.859   0.870 0.004  [0.861 0.866 0.865 0.860 0.871]    0.747     0.392   -5.001     0.001  -0.013      0.006    -0.018    -0.007     -1.440         0.664       -2.104       -0.776
           baseline                      0.877 0.005   0.873   0.882 0.004  [0.879 0.880 0.876 0.872 0.881]    1.000     0.500    0.000     0.500   0.000      0.005    -0.005     0.005      0.000         0.614       -0.614        0.614
           cpc_embeddings                0.851 0.004   0.847   0.856 0.003  [0.848 0.852 0.848 0.856 0.852]    1.171     0.559  -11.564     0.000  -0.026      0.005    -0.031    -0.021     -2.966         0.591       -3.557       -2.375
           mles2_embeddings              0.882 0.004   0.879   0.886 0.003  [0.881 0.882 0.881 0.881 0.888]    1.602     0.670    2.381     0.978   0.005      0.005     0.000     0.010      0.572         0.554        0.018        1.125
           mles_embeddings               0.881 0.004   0.877   0.885 0.003  [0.882 0.879 0.881 0.877 0.886]    1.381     0.619    1.573     0.923   0.003      0.005    -0.002     0.008      0.389         0.570       -0.181        0.959
           nsp_embeddings                0.852 0.007   0.845   0.858 0.005  [0.851 0.855 0.846 0.848 0.859]    0.477     0.246   -8.821     0.000  -0.026      0.007    -0.032    -0.019     -2.923         0.764       -3.687       -2.159
           random_encoder                0.593 0.014   0.579   0.607 0.011  [0.597 0.574 0.598 0.591 0.604]    0.106     0.026  -53.312     0.000  -0.285      0.012    -0.297    -0.272    -32.431         1.403      -33.834      -31.028
           rtd_embeddings                0.855 0.005   0.851   0.860 0.004  [0.854 0.856 0.855 0.851 0.861]    0.990     0.496   -9.402     0.000  -0.022      0.005    -0.027    -0.017     -2.511         0.616       -3.127       -1.895
           sop_embeddings                0.785 0.006   0.779   0.791 0.005  [0.788 0.791 0.785 0.778 0.783]    0.517     0.270  -32.622     0.000  -0.092      0.007    -0.099    -0.086    -10.523         0.744      -11.267       -9.779

------------------------------------------------------------------------------------------------------------------------
Metric: "accuracy"
split_name                         scores_valid                                                                                                                                                                                             
                                           mean  t_pm t_int_l t_int_h   std                           values t_f_stat t_f_alpha t_t_stat t_t_alpha t_delta t_delta_pm t_delta_l t_delta_h t_delta_pp t_delta_pm_pp t_delta_l_pp t_delta_h_pp
model_name feature_name                                                                                                                                                                                                                     
lgbm       barlow_twins_embeddings        0.776 0.011   0.765   0.788 0.009  [0.786 0.784 0.773 0.776 0.763]    1.422     0.629   -2.554     0.017  -0.016      0.015    -0.031    -0.002     -2.052         1.853       -3.905       -0.199
           baseline                       0.793 0.014   0.779   0.806 0.011  [0.808 0.790 0.787 0.798 0.780]    1.000     0.500    0.000     0.500   0.000      0.016    -0.016     0.016      0.000         2.008       -2.008        2.008
           cpc_embeddings                 0.771 0.011   0.760   0.782 0.009  [0.782 0.765 0.766 0.780 0.765]    1.523     0.653   -3.390     0.005  -0.021      0.014    -0.036    -0.007     -2.686         1.827       -4.514       -0.859
           mles2_embeddings               0.796 0.013   0.783   0.808 0.010  [0.810 0.798 0.785 0.786 0.798]    1.093     0.533    0.411     0.654   0.003      0.016    -0.013     0.018      0.350         1.965       -1.614        2.315
           mles_embeddings                0.795 0.014   0.781   0.808 0.011  [0.809 0.802 0.781 0.793 0.788]    1.000     0.500    0.268     0.602   0.002      0.016    -0.014     0.018      0.234         2.008       -1.774        2.241
           nsp_embeddings                 0.765 0.024   0.741   0.788 0.019  [0.764 0.776 0.751 0.790 0.743]    0.330     0.154   -2.863     0.011  -0.028      0.023    -0.051    -0.005     -3.537         2.850       -6.387       -0.688
           random_encoder                 0.600 0.023   0.577   0.624 0.019  [0.596 0.585 0.633 0.592 0.595]    0.334     0.157  -19.753     0.000  -0.193      0.022    -0.215    -0.170    -24.295         2.836      -27.131      -21.459
           rtd_embeddings                 0.767 0.010   0.757   0.777 0.008  [0.769 0.765 0.759 0.780 0.762]    1.800     0.708   -4.259     0.001  -0.026      0.014    -0.040    -0.012     -3.270         1.771       -5.041       -1.500
           sop_embeddings                 0.707 0.007   0.700   0.713 0.005  [0.714 0.700 0.706 0.708 0.705]    4.336     0.908  -15.904     0.000  -0.086      0.012    -0.099    -0.074    -10.863         1.575      -12.438       -9.288
split_name                         scores_test                                                                                                                                                                                             
                                          mean  t_pm t_int_l t_int_h   std                           values t_f_stat t_f_alpha t_t_stat t_t_alpha t_delta t_delta_pm t_delta_l t_delta_h t_delta_pp t_delta_pm_pp t_delta_l_pp t_delta_h_pp
model_name feature_name                                                                                                                                                                                                                    
lgbm       barlow_twins_embeddings       0.779 0.008   0.771   0.787 0.006  [0.774 0.783 0.777 0.771 0.787]    0.264     0.113   -3.808     0.003  -0.012      0.007    -0.020    -0.005     -1.565         0.948       -2.513       -0.617
           baseline                      0.791 0.004   0.787   0.795 0.003  [0.789 0.792 0.789 0.788 0.796]    1.000     0.500    0.000     0.500   0.000      0.005    -0.005     0.005      0.000         0.613       -0.613        0.613
           cpc_embeddings                0.768 0.003   0.765   0.771 0.003  [0.767 0.773 0.768 0.765 0.768]    1.500     0.648  -11.907     0.000  -0.023      0.004    -0.027    -0.018     -2.890         0.560       -3.449       -2.330
           mles2_embeddings              0.798 0.009   0.790   0.807 0.007  [0.799 0.796 0.788 0.807 0.800]    0.234     0.094    2.093     0.965   0.007      0.008    -0.001     0.015      0.903         0.995       -0.092        1.898
           mles_embeddings               0.792 0.005   0.788   0.797 0.004  [0.798 0.788 0.790 0.792 0.794]    0.839     0.434    0.649     0.733   0.001      0.005    -0.004     0.007      0.181         0.642       -0.461        0.822
           nsp_embeddings                0.769 0.009   0.760   0.778 0.007  [0.776 0.770 0.760 0.764 0.776]    0.204     0.077   -6.000     0.000  -0.022      0.008    -0.030    -0.013     -2.739         1.053       -3.792       -1.687
           random_encoder                0.584 0.015   0.569   0.599 0.012  [0.586 0.573 0.587 0.573 0.601]    0.078     0.015  -37.508     0.000  -0.207      0.013    -0.220    -0.194    -26.189         1.610      -27.799      -24.579
           rtd_embeddings                0.769 0.006   0.763   0.774 0.005  [0.769 0.775 0.763 0.765 0.770]    0.527     0.275   -8.843     0.000  -0.022      0.006    -0.028    -0.017     -2.830         0.738       -3.568       -2.092
           sop_embeddings                0.711 0.006   0.705   0.717 0.005  [0.713 0.717 0.711 0.704 0.712]    0.479     0.246  -30.518     0.000  -0.080      0.006    -0.086    -0.074    -10.084         0.762      -10.846       -9.322

------------------------------------------------------------------------------------------------------------------------
End of report.     Current time: 2022-07-11 07:28:31
------------------------------------------------------------------------------------------------------------------------
