------------------------------------------------------------------------------------------------------------------------
Vector testing report
Params:
    conf: "conf/embeddings_validation_baselines_supervised.yaml"

Collected 5 files with 0 errors

------------------------------------------------------------------------------------------------------------------------
Metric: "auroc"
split_name                         scores_valid                                                                                                                                                                                             
                                           mean  t_pm t_int_l t_int_h   std                           values t_f_stat t_f_alpha t_t_stat t_t_alpha t_delta t_delta_pm t_delta_l t_delta_h t_delta_pp t_delta_pm_pp t_delta_l_pp t_delta_h_pp
model_name feature_name                                                                                                                                                                                                                     
nn         barlow_twins_finetuning        0.839 0.013   0.826   0.852 0.011  [0.843 0.851 0.823 0.842 0.835]    0.514     0.268   -2.658     0.014  -0.015      0.013    -0.029    -0.002     -1.804         1.564       -3.368       -0.239
           cpc_finetuning                 0.849 0.009   0.840   0.858 0.007  [0.856 0.856 0.841 0.851 0.843]    1.068     0.525   -1.063     0.159  -0.005      0.011    -0.016     0.006     -0.585         1.269       -1.853        0.684
           mles_finetuning                0.868 0.008   0.859   0.876 0.007  [0.877 0.873 0.860 0.864 0.866]    1.222     0.575    2.990     0.991   0.014      0.011     0.003     0.024      1.594         1.229        0.364        2.823
           rtd_finetuning                 0.844 0.007   0.836   0.851 0.006  [0.844 0.849 0.843 0.849 0.834]    1.579     0.666   -2.443     0.020  -0.011      0.010    -0.021    -0.001     -1.234         1.165       -2.400       -0.069
           target_scores                  0.854 0.009   0.845   0.864 0.008  [0.867 0.856 0.848 0.852 0.849]    1.000     0.500    0.000     0.500   0.000      0.011    -0.011     0.011      0.000         1.289       -1.289        1.289
split_name                         scores_test                                                                                                                                                                                             
                                          mean  t_pm t_int_l t_int_h   std                           values t_f_stat t_f_alpha t_t_stat t_t_alpha t_delta t_delta_pm t_delta_l t_delta_h t_delta_pp t_delta_pm_pp t_delta_l_pp t_delta_h_pp
model_name feature_name                                                                                                                                                                                                                    
nn         barlow_twins_finetuning       0.865 0.002   0.863   0.867 0.002  [0.865 0.865 0.863 0.864 0.868]   21.263     0.994   -0.720     0.246  -0.002      0.008    -0.010     0.005     -0.278         0.892       -1.170        0.613
           cpc_finetuning                0.865 0.004   0.861   0.869 0.003  [0.862 0.869 0.861 0.867 0.866]    4.827     0.922   -0.670     0.261  -0.002      0.008    -0.011     0.006     -0.278         0.957       -1.236        0.679
           mles_finetuning               0.879 0.003   0.875   0.882 0.003  [0.877 0.878 0.876 0.878 0.883]    7.465     0.961    3.178     0.993   0.011      0.008     0.003     0.019      1.279         0.928        0.351        2.207
           rtd_finetuning                0.868 0.003   0.865   0.871 0.002  [0.864 0.868 0.867 0.867 0.871]    9.611     0.975    0.049     0.519   0.000      0.008    -0.008     0.008      0.019         0.916       -0.896        0.935
           target_scores                 0.867 0.009   0.858   0.877 0.007  [0.867 0.875 0.856 0.867 0.872]    1.000     0.500    0.000     0.500   0.000      0.011    -0.011     0.011      0.000         1.232       -1.232        1.232

------------------------------------------------------------------------------------------------------------------------
End of report.     Current time: 2022-07-11 07:31:42
------------------------------------------------------------------------------------------------------------------------
