------------------------------------------------------------------------------------------------------------------------
Vector testing report
Params:

Collected 15 files with 0 errors

------------------------------------------------------------------------------------------------------------------------
Metric: "auroc"
split_name                                 scores_valid                                                                                                                                                                                             
                                           mean  t_pm t_int_l t_int_h   std                           values t_f_stat t_f_alpha t_t_stat t_t_alpha t_delta t_delta_pm t_delta_l t_delta_h t_delta_pp t_delta_pm_pp t_delta_l_pp t_delta_h_pp
model_name feature_name                                                                                                                                                                                                             
lgbm       baseline                        0.875 0.013   0.862   0.888 0.011  [0.891 0.881 0.867 0.870 0.869]    1.000     0.500    0.000     0.500   0.000      0.015    -0.015     0.015      0.000         1.749       -1.749        1.749
           emb_loss_softmax_temp_1.0       0.803 0.016   0.787   0.819 0.013  [0.801 0.819 0.794 0.813 0.788]    0.649     0.343   -9.716     0.000  -0.073      0.017    -0.090    -0.055     -8.307         1.972      -10.278       -6.335
           emb_loss_softmax_temp_0.2       0.830 0.013   0.817   0.843 0.010  [0.832 0.844 0.823 0.834 0.818]    1.039     0.514   -6.866     0.000  -0.045      0.015    -0.060    -0.030     -5.160         1.733       -6.892       -3.427
           emb_loss_softmax_temp_0.001     0.831 0.009   0.822   0.839 0.007  [0.830 0.843 0.828 0.828 0.825]    2.240     0.773   -7.920     0.000  -0.045      0.013    -0.058    -0.032     -5.110         1.488       -6.597       -3.622
           emb_loss_softmax_temp_4.0       0.746 0.014   0.732   0.760 0.011  [0.744 0.756 0.729 0.756 0.745]    0.904     0.462  -18.991     0.000  -0.129      0.016    -0.145    -0.114    -14.786         1.795      -16.582      -12.991
           emb_loss_softmax_temp_0.01      0.852 0.010   0.842   0.862 0.008  [0.852 0.863 0.842 0.854 0.850]    1.834     0.714   -3.993     0.002  -0.023      0.013    -0.037    -0.010     -2.663         1.538       -4.200       -1.125
           random_encoder                  0.617 0.024   0.593   0.641 0.019  [0.608 0.610 0.648 0.597 0.623]    0.290     0.129  -26.087     0.000  -0.258      0.023    -0.281    -0.235    -29.506         2.608      -32.114      -26.897
split_name                                 scores_test                                                                                                                                                                                             
                                           mean  t_pm t_int_l t_int_h   std                           values t_f_stat t_f_alpha t_t_stat t_t_alpha t_delta t_delta_pm t_delta_l t_delta_h t_delta_pp t_delta_pm_pp t_delta_l_pp t_delta_h_pp
model_name feature_name                                                                                                                                                                                                            
lgbm       baseline                        0.877 0.002   0.875   0.879 0.002  [0.877 0.876 0.879 0.874 0.878]    1.000     0.500    0.000     0.500   0.000      0.003    -0.003     0.003      0.000         0.308       -0.308        0.308
           emb_loss_softmax_temp_1.0       0.827 0.007   0.820   0.834 0.006  [0.820 0.829 0.824 0.825 0.835]    0.108     0.027  -18.915     0.000  -0.050      0.006    -0.056    -0.044     -5.715         0.697       -6.412       -5.018
           emb_loss_softmax_temp_0.2       0.848 0.005   0.842   0.853 0.004  [0.842 0.849 0.845 0.848 0.853]    0.188     0.067  -14.058     0.000  -0.029      0.005    -0.034    -0.024     -3.331         0.546       -3.878       -2.785
           emb_loss_softmax_temp_0.001     0.850 0.004   0.846   0.854 0.003  [0.845 0.854 0.850 0.849 0.851]    0.325     0.151  -16.038     0.000  -0.027      0.004    -0.031    -0.023     -3.055         0.439       -3.494       -2.615
           emb_loss_softmax_temp_4.0       0.735 0.006   0.729   0.741 0.005  [0.729 0.742 0.734 0.734 0.737]    0.153     0.048  -62.347     0.000  -0.142      0.005    -0.147    -0.136    -16.153         0.597      -16.751      -15.556
           emb_loss_softmax_temp_0.01      0.862 0.006   0.857   0.868 0.005  [0.858 0.861 0.865 0.860 0.869]    0.166     0.055   -6.584     0.000  -0.014      0.005    -0.019    -0.009     -1.646         0.577       -2.223       -1.070
           random_encoder                  0.588 0.011   0.578   0.599 0.009  [0.589 0.578 0.585 0.588 0.602]    0.045     0.005  -72.547     0.000  -0.289      0.009    -0.298    -0.279    -32.908         1.046      -33.954      -31.862

------------------------------------------------------------------------------------------------------------------------
Metric: "accuracy"
split_name                                 scores_valid                                                                                                                                                                                             
                                           mean  t_pm t_int_l t_int_h   std                           values t_f_stat t_f_alpha t_t_stat t_t_alpha t_delta t_delta_pm t_delta_l t_delta_h t_delta_pp t_delta_pm_pp t_delta_l_pp t_delta_h_pp
model_name feature_name                                                                                                                                                                                                             
lgbm       baseline                        0.793 0.016   0.777   0.809 0.013  [0.816 0.789 0.785 0.790 0.784]    1.000     0.500    0.000     0.500   0.000      0.019    -0.019     0.019      0.000         2.425       -2.425        2.425
           emb_loss_softmax_temp_1.0       0.735 0.015   0.720   0.750 0.012  [0.737 0.749 0.724 0.744 0.722]    1.222     0.575   -7.269     0.000  -0.058      0.018    -0.076    -0.039     -7.289         2.312       -9.602       -4.977
           emb_loss_softmax_temp_0.2       0.755 0.016   0.739   0.771 0.013  [0.757 0.772 0.739 0.760 0.747]    1.045     0.517   -4.618     0.001  -0.038      0.019    -0.057    -0.019     -4.804         2.399       -7.203       -2.405
           emb_loss_softmax_temp_0.001     0.756 0.011   0.745   0.768 0.009  [0.761 0.767 0.745 0.760 0.749]    2.139     0.760   -5.129     0.000  -0.037      0.016    -0.053    -0.020     -4.621         2.077       -6.698       -2.543
           emb_loss_softmax_temp_4.0       0.688 0.016   0.672   0.704 0.013  [0.692 0.698 0.669 0.699 0.680]    1.054     0.520  -12.790     0.000  -0.105      0.019    -0.124    -0.086    -13.278         2.394      -15.672      -10.884
           emb_loss_softmax_temp_0.01      0.773 0.012   0.761   0.785 0.010  [0.780 0.784 0.759 0.772 0.769]    1.760     0.701   -2.723     0.013  -0.020      0.017    -0.037    -0.003     -2.535         2.147       -4.683       -0.388
           random_encoder                  0.597 0.022   0.575   0.619 0.018  [0.589 0.593 0.628 0.584 0.591]    0.568     0.298  -20.003     0.000  -0.196      0.023    -0.219    -0.173    -24.721         2.850      -27.570      -21.871
split_name                                 scores_test                                                                                                                                                                                             
                                           mean  t_pm t_int_l t_int_h   std                           values t_f_stat t_f_alpha t_t_stat t_t_alpha t_delta t_delta_pm t_delta_l t_delta_h t_delta_pp t_delta_pm_pp t_delta_l_pp t_delta_h_pp
model_name feature_name                                                                                                                                                                                                            
lgbm       baseline                        0.790 0.005   0.785   0.795 0.004  [0.788 0.785 0.794 0.793 0.790]    1.000     0.500    0.000     0.500   0.000      0.006    -0.006     0.006      0.000         0.705       -0.705        0.705
           emb_loss_softmax_temp_1.0       0.744 0.004   0.740   0.747 0.003  [0.740 0.748 0.742 0.744 0.745]    1.807     0.710  -21.690     0.000  -0.046      0.005    -0.051    -0.041     -5.847         0.622       -6.469       -5.225
           emb_loss_softmax_temp_0.2       0.767 0.010   0.757   0.777 0.008  [0.773 0.768 0.757 0.761 0.776]    0.230     0.092   -5.849     0.000  -0.023      0.009    -0.032    -0.014     -2.923         1.153       -4.076       -1.771
           emb_loss_softmax_temp_0.001     0.765 0.006   0.758   0.771 0.005  [0.765 0.770 0.769 0.760 0.760]    0.563     0.296   -8.864     0.000  -0.025      0.007    -0.032    -0.019     -3.195         0.831       -4.026       -2.364
           emb_loss_softmax_temp_4.0       0.685 0.004   0.681   0.689 0.003  [0.682 0.686 0.690 0.683 0.683]    1.321     0.603  -46.357     0.000  -0.105      0.005    -0.110    -0.100    -13.291         0.661      -13.952      -12.630
           emb_loss_softmax_temp_0.01      0.782 0.008   0.774   0.790 0.006  [0.782 0.771 0.785 0.786 0.788]    0.347     0.165   -2.263     0.027  -0.008      0.008    -0.015     0.000     -0.964         0.983       -1.947        0.018
           random_encoder                  0.573 0.011   0.562   0.584 0.009  [0.586 0.561 0.573 0.573 0.573]    0.187     0.066  -50.395     0.000  -0.217      0.010    -0.227    -0.207    -27.486         1.258      -28.744      -26.229

------------------------------------------------------------------------------------------------------------------------
End of report.     Current time: 2022-11-18 19:37:03
------------------------------------------------------------------------------------------------------------------------
