------------------------------------------------------------------------------------------------------------------------
Vector testing report
Params:

Collected 15 files with 0 errors

------------------------------------------------------------------------------------------------------------------------
Metric: "auroc"
split_name                                 scores_valid                                                                                                                                                                                             
                                           mean  t_pm t_int_l t_int_h   std                           values t_f_stat t_f_alpha t_t_stat t_t_alpha t_delta t_delta_pm t_delta_l t_delta_h t_delta_pp t_delta_pm_pp t_delta_l_pp t_delta_h_pp
model_name feature_name                                                                                                                                                                                                             
lgbm       baseline                        0.875 0.013   0.862   0.888 0.011  [0.891 0.881 0.867 0.870 0.869]    1.000     0.500    0.000     0.500   0.000      0.015    -0.015     0.015      0.000         1.749       -1.749        1.749
           emb_loss_softmax_temp_0.01      0.863 0.009   0.854   0.872 0.007  [0.867 0.872 0.853 0.863 0.860]    2.197     0.768   -2.184     0.030  -0.012      0.013    -0.025     0.001     -1.413         1.492       -2.906        0.079
           emb_loss_softmax_temp_0.005     0.860 0.010   0.849   0.870 0.008  [0.858 0.872 0.851 0.862 0.854]    1.621     0.674   -2.664     0.014  -0.016      0.014    -0.030    -0.002     -1.817         1.573       -3.390       -0.244
           emb_loss_softmax_temp_1.0       0.839 0.014   0.826   0.853 0.011  [0.839 0.855 0.829 0.845 0.829]    0.927     0.472   -5.312     0.000  -0.036      0.016    -0.052    -0.020     -4.108         1.783       -5.891       -2.325
           emb_loss_softmax_temp_0.001     0.848 0.007   0.841   0.855 0.006  [0.850 0.856 0.841 0.849 0.844]    3.481     0.873   -5.153     0.000  -0.027      0.012    -0.040    -0.015     -3.136         1.404       -4.540       -1.733
           emb_loss_softmax_temp_0.25      0.853 0.014   0.838   0.867 0.011  [0.861 0.863 0.835 0.855 0.848]    0.844     0.437   -3.279     0.006  -0.023      0.016    -0.039    -0.007     -2.599         1.828       -4.428       -0.771
           emb_loss_softmax_temp_4.0       0.828 0.015   0.813   0.842 0.012  [0.831 0.839 0.816 0.838 0.814]    0.767     0.402   -6.715     0.000  -0.048      0.016    -0.064    -0.031     -5.467         1.877       -7.344       -3.589
           random_encoder                  0.617 0.024   0.593   0.641 0.019  [0.608 0.610 0.648 0.597 0.623]    0.290     0.129  -26.087     0.000  -0.258      0.023    -0.281    -0.235    -29.506         2.608      -32.114      -26.897
split_name                                 scores_test                                                                                                                                                                                             
                                           mean  t_pm t_int_l t_int_h   std                           values t_f_stat t_f_alpha t_t_stat t_t_alpha t_delta t_delta_pm t_delta_l t_delta_h t_delta_pp t_delta_pm_pp t_delta_l_pp t_delta_h_pp
model_name feature_name                                                                                                                                                                                                            
lgbm       baseline                        0.877 0.002   0.875   0.879 0.002  [0.877 0.876 0.879 0.874 0.878]    1.000     0.500    0.000     0.500   0.000      0.003    -0.003     0.003      0.000         0.308       -0.308        0.308
           emb_loss_softmax_temp_0.01      0.876 0.004   0.872   0.880 0.003  [0.874 0.881 0.875 0.873 0.877]    0.317     0.146   -0.566     0.294  -0.001      0.004    -0.005     0.003     -0.109         0.443       -0.552        0.335
           emb_loss_softmax_temp_0.005     0.870 0.003   0.867   0.873 0.002  [0.869 0.871 0.871 0.867 0.872]    0.658     0.347   -5.190     0.000  -0.007      0.003    -0.010    -0.004     -0.777         0.345       -1.123       -0.432
           emb_loss_softmax_temp_1.0       0.863 0.004   0.858   0.867 0.004  [0.863 0.865 0.858 0.860 0.867]    0.261     0.111   -7.863     0.000  -0.014      0.004    -0.018    -0.010     -1.630         0.478       -2.108       -1.152
           emb_loss_softmax_temp_0.001     0.863 0.005   0.858   0.868 0.004  [0.859 0.864 0.859 0.868 0.865]    0.213     0.082   -7.058     0.000  -0.014      0.005    -0.018    -0.009     -1.589         0.519       -2.109       -1.070
           emb_loss_softmax_temp_0.25      0.866 0.003   0.862   0.869 0.003  [0.864 0.867 0.866 0.862 0.869]    0.441     0.224   -7.576     0.000  -0.011      0.003    -0.015    -0.008     -1.292         0.393       -1.685       -0.899
           emb_loss_softmax_temp_4.0       0.839 0.002   0.837   0.841 0.002  [0.840 0.839 0.836 0.840 0.840]    1.030     0.511  -32.669     0.000  -0.038      0.003    -0.041    -0.035     -4.327         0.305       -4.633       -4.022
           random_encoder                  0.588 0.011   0.578   0.599 0.009  [0.589 0.578 0.585 0.588 0.602]    0.045     0.005  -72.547     0.000  -0.289      0.009    -0.298    -0.279    -32.908         1.046      -33.954      -31.862

------------------------------------------------------------------------------------------------------------------------
Metric: "accuracy"
split_name                                scores_valid                                                                                                                                                                                             
                                          mean  t_pm t_int_l t_int_h   std                           values t_f_stat t_f_alpha t_t_stat t_t_alpha t_delta t_delta_pm t_delta_l t_delta_h t_delta_pp t_delta_pm_pp t_delta_l_pp t_delta_h_pp
model_name feature_name                                                                                                                                                                                                             
lgbm       baseline                       0.793 0.016   0.777   0.809 0.013  [0.816 0.789 0.785 0.790 0.784]    1.000     0.500    0.000     0.500   0.000      0.019    -0.019     0.019      0.000         2.425       -2.425        2.425
           emb_loss_softmax_temp_0.01     0.781 0.010   0.771   0.791 0.008  [0.789 0.788 0.771 0.782 0.774]    2.545     0.806   -1.729     0.061  -0.012      0.016    -0.028     0.004     -1.518         2.024       -3.542        0.506
           emb_loss_softmax_temp_0.005    0.776 0.015   0.761   0.791 0.012  [0.781 0.786 0.756 0.783 0.773]    1.172     0.559   -2.125     0.033  -0.017      0.019    -0.036     0.001     -2.152         2.335       -4.486        0.183
           emb_loss_softmax_temp_1.0      0.765 0.016   0.749   0.781 0.013  [0.770 0.774 0.745 0.775 0.759]    1.054     0.520   -3.438     0.004  -0.028      0.019    -0.047    -0.009     -3.570         2.394       -5.964       -1.176
           emb_loss_softmax_temp_0.001    0.771 0.007   0.764   0.778 0.006  [0.776 0.771 0.761 0.772 0.774]    5.210     0.931   -3.452     0.004  -0.022      0.015    -0.037    -0.007     -2.802         1.872       -4.675       -0.930
           emb_loss_softmax_temp_0.25     0.774 0.018   0.756   0.792 0.014  [0.783 0.786 0.753 0.782 0.766]    0.856     0.442   -2.194     0.030  -0.019      0.020    -0.039     0.001     -2.402         2.525       -4.927        0.123
           emb_loss_softmax_temp_4.0      0.747 0.015   0.732   0.763 0.012  [0.754 0.755 0.731 0.759 0.738]    1.145     0.551   -5.637     0.000  -0.046      0.019    -0.064    -0.027     -5.738         2.347       -8.085       -3.391
           random_encoder                 0.597 0.022   0.575   0.619 0.018  [0.589 0.593 0.628 0.584 0.591]    0.568     0.298  -20.003     0.000  -0.196      0.023    -0.219    -0.173    -24.721         2.850      -27.570      -21.871
split_name                                scores_test                                                                                                                                                                                             
                                          mean  t_pm t_int_l t_int_h   std                           values t_f_stat t_f_alpha t_t_stat t_t_alpha t_delta t_delta_pm t_delta_l t_delta_h t_delta_pp t_delta_pm_pp t_delta_l_pp t_delta_h_pp
model_name feature_name                                                                                                                                                                                                            
lgbm       baseline                       0.790 0.005   0.785   0.795 0.004  [0.788 0.785 0.794 0.793 0.790]    1.000     0.500    0.000     0.500   0.000      0.006    -0.006     0.006      0.000         0.705       -0.705        0.705
           emb_loss_softmax_temp_0.01     0.790 0.008   0.781   0.798 0.006  [0.787 0.798 0.783 0.795 0.785]    0.347     0.165   -0.141     0.446  -0.000      0.008    -0.008     0.007     -0.060         0.983       -1.043        0.923
           emb_loss_softmax_temp_0.005    0.784 0.006   0.778   0.789 0.005  [0.782 0.786 0.781 0.779 0.790]    0.678     0.358   -2.391     0.022  -0.006      0.006    -0.013    -0.000     -0.814         0.785       -1.599       -0.029
           emb_loss_softmax_temp_1.0      0.784 0.006   0.778   0.790 0.005  [0.786 0.785 0.780 0.780 0.790]    0.720     0.379   -2.254     0.027  -0.006      0.006    -0.012     0.000     -0.753         0.771       -1.524        0.017
           emb_loss_softmax_temp_0.001    0.783 0.008   0.775   0.791 0.006  [0.785 0.790 0.775 0.787 0.779]    0.372     0.181   -2.104     0.034  -0.007      0.008    -0.014     0.001     -0.874         0.958       -1.832        0.084
           emb_loss_softmax_temp_0.25     0.776 0.006   0.771   0.782 0.005  [0.771 0.781 0.771 0.780 0.779]    0.678     0.358   -5.048     0.000  -0.014      0.006    -0.020    -0.007     -1.718         0.785       -2.503       -0.933
           emb_loss_softmax_temp_4.0      0.763 0.006   0.758   0.769 0.004  [0.769 0.761 0.767 0.760 0.760]    0.736     0.387  -10.252     0.000  -0.027      0.006    -0.033    -0.021     -3.406         0.766       -4.172       -2.640
           random_encoder                 0.573 0.011   0.562   0.584 0.009  [0.586 0.561 0.573 0.573 0.573]    0.187     0.066  -50.395     0.000  -0.217      0.010    -0.227    -0.207    -27.486         1.258      -28.744      -26.229

------------------------------------------------------------------------------------------------------------------------
End of report.     Current time: 2022-11-19 12:10:15
------------------------------------------------------------------------------------------------------------------------
