------------------------------------------------------------------------------------------------------------------------
Vector testing report
Params:

Collected 110 files with 0 errors

------------------------------------------------------------------------------------------------------------------------
Metric: "accuracy"
split_name                scores_valid                                                             
                                  mean  t_pm t_int_l t_int_h   std                           values
model_name feature_name                                                                            
lgbm       baseline              0.632 0.004   0.628   0.636 0.003  [0.631 0.635 0.635 0.628 0.631]
           mles_t__009           0.611 0.008   0.603   0.620 0.007  [0.611 0.621 0.611 0.602 0.613]
           mles_t__019           0.619 0.011   0.608   0.630 0.009  [0.612 0.629 0.624 0.608 0.624]
           mles_t__029           0.621 0.007   0.614   0.629 0.006  [0.617 0.628 0.627 0.614 0.621]
           mles_t__039           0.625 0.006   0.619   0.631 0.005  [0.623 0.633 0.623 0.621 0.626]
           mles_t__049           0.628 0.006   0.622   0.634 0.005  [0.628 0.636 0.626 0.623 0.626]
           mles_t__059           0.627 0.007   0.621   0.634 0.005  [0.619 0.634 0.628 0.626 0.629]
           mles_t__069           0.629 0.004   0.625   0.634 0.003  [0.625 0.630 0.632 0.626 0.633]
           mles_t__079           0.629 0.006   0.623   0.635 0.005  [0.622 0.634 0.633 0.627 0.630]
           mles_t__089           0.631 0.009   0.622   0.639 0.007  [0.620 0.639 0.631 0.630 0.633]
           mles_t__099           0.628 0.009   0.619   0.637 0.007  [0.625 0.635 0.632 0.618 0.630]
           mles_t__109           0.629 0.005   0.624   0.633 0.004  [0.626 0.634 0.625 0.631 0.628]
           mles_t__119           0.625 0.007   0.617   0.632 0.006  [0.623 0.632 0.626 0.616 0.627]
           mles_t__129           0.624 0.007   0.617   0.631 0.005  [0.617 0.629 0.628 0.620 0.627]
           mles_t__139           0.623 0.004   0.619   0.627 0.003  [0.620 0.628 0.624 0.622 0.621]
           mles_t__149           0.623 0.007   0.616   0.630 0.005  [0.620 0.629 0.615 0.625 0.624]
           mles_t__159           0.621 0.006   0.614   0.627 0.005  [0.615 0.627 0.618 0.619 0.626]
           mles_t__169           0.621 0.009   0.611   0.630 0.008  [0.616 0.633 0.620 0.613 0.622]
           mles_t__179           0.622 0.006   0.615   0.628 0.005  [0.620 0.628 0.624 0.614 0.623]
           mles_t__189           0.618 0.005   0.613   0.623 0.004  [0.615 0.624 0.619 0.614 0.616]
           mles_t__199           0.618 0.005   0.613   0.624 0.004  [0.614 0.623 0.623 0.617 0.615]
           random_encoder        0.386 0.004   0.382   0.389 0.003  [0.384 0.384 0.389 0.389 0.383]
split_name                scores_test                                                             
                                 mean  t_pm t_int_l t_int_h   std                           values
model_name feature_name                                                                           
lgbm       baseline             0.630 0.006   0.624   0.636 0.005  [0.629 0.625 0.637 0.633 0.628]
           mles_t__009          0.623 0.004   0.618   0.627 0.003  [0.621 0.624 0.626 0.617 0.624]
           mles_t__019          0.624 0.003   0.621   0.626 0.002  [0.623 0.622 0.625 0.621 0.626]
           mles_t__029          0.628 0.008   0.621   0.636 0.006  [0.626 0.635 0.634 0.621 0.626]
           mles_t__039          0.627 0.002   0.625   0.629 0.002  [0.625 0.630 0.627 0.626 0.626]
           mles_t__049          0.628 0.004   0.624   0.633 0.004  [0.626 0.627 0.633 0.630 0.625]
           mles_t__059          0.632 0.004   0.629   0.636 0.003  [0.635 0.633 0.631 0.629 0.635]
           mles_t__069          0.626 0.005   0.621   0.631 0.004  [0.627 0.629 0.624 0.620 0.630]
           mles_t__079          0.632 0.008   0.623   0.640 0.007  [0.639 0.638 0.628 0.627 0.625]
           mles_t__089          0.632 0.004   0.628   0.636 0.003  [0.633 0.631 0.631 0.628 0.636]
           mles_t__099          0.633 0.003   0.630   0.636 0.003  [0.632 0.636 0.629 0.634 0.634]
           mles_t__109          0.627 0.004   0.623   0.632 0.004  [0.633 0.624 0.626 0.625 0.627]
           mles_t__119          0.630 0.006   0.624   0.637 0.005  [0.633 0.638 0.625 0.627 0.629]
           mles_t__129          0.630 0.005   0.625   0.635 0.004  [0.629 0.626 0.627 0.636 0.630]
           mles_t__139          0.631 0.006   0.625   0.637 0.005  [0.632 0.635 0.635 0.629 0.623]
           mles_t__149          0.629 0.005   0.623   0.634 0.004  [0.630 0.628 0.628 0.623 0.635]
           mles_t__159          0.634 0.003   0.631   0.637 0.002  [0.631 0.637 0.634 0.633 0.633]
           mles_t__169          0.624 0.007   0.617   0.631 0.006  [0.630 0.625 0.615 0.624 0.627]
           mles_t__179          0.625 0.007   0.618   0.632 0.006  [0.632 0.620 0.621 0.623 0.631]
           mles_t__189          0.624 0.006   0.618   0.630 0.005  [0.627 0.619 0.619 0.624 0.630]
           mles_t__199          0.622 0.007   0.615   0.629 0.006  [0.626 0.618 0.620 0.615 0.629]
           random_encoder       0.376 0.009   0.367   0.385 0.007  [0.373 0.387 0.377 0.367 0.376]

------------------------------------------------------------------------------------------------------------------------
End of report.     Current time: 2022-12-05 11:42:21
------------------------------------------------------------------------------------------------------------------------
