------------------------------------------------------------------------------------------------------------------------
Vector testing report
Params:

Collected 160 files with 0 errors

------------------------------------------------------------------------------------------------------------------------
Metric: "accuracy"
split_name                scores_valid                                                             
                                  mean  t_pm t_int_l t_int_h   std                           values
model_name feature_name                                                                            
lgbm       baseline              0.632 0.004   0.628   0.636 0.003  [0.631 0.635 0.635 0.628 0.631]
           mles__009             0.618 0.006   0.611   0.624 0.005  [0.616 0.617 0.626 0.615 0.613]
           mles__019             0.625 0.007   0.618   0.632 0.006  [0.624 0.632 0.630 0.619 0.621]
           mles__029             0.633 0.005   0.628   0.638 0.004  [0.629 0.639 0.634 0.631 0.633]
           mles__039             0.633 0.003   0.630   0.636 0.002  [0.631 0.634 0.636 0.631 0.634]
           mles__049             0.635 0.005   0.630   0.640 0.004  [0.634 0.637 0.639 0.628 0.636]
           mles__059             0.633 0.007   0.626   0.640 0.005  [0.635 0.639 0.636 0.626 0.629]
           mles__069             0.633 0.005   0.628   0.638 0.004  [0.630 0.634 0.638 0.629 0.635]
           mles__079             0.635 0.007   0.627   0.642 0.006  [0.629 0.641 0.639 0.628 0.636]
           mles__089             0.634 0.004   0.630   0.638 0.003  [0.630 0.636 0.636 0.632 0.637]
           mles__099             0.636 0.007   0.629   0.643 0.006  [0.638 0.633 0.644 0.628 0.637]
           mles__109             0.635 0.005   0.630   0.641 0.004  [0.630 0.639 0.641 0.634 0.633]
           mles__119             0.635 0.008   0.627   0.644 0.007  [0.632 0.642 0.641 0.626 0.635]
           mles__129             0.635 0.007   0.628   0.642 0.006  [0.638 0.638 0.642 0.628 0.630]
           mles__139             0.639 0.009   0.629   0.648 0.007  [0.629 0.641 0.649 0.637 0.636]
           mles__149             0.638 0.004   0.634   0.643 0.003  [0.636 0.644 0.638 0.636 0.639]
           mles__159             0.638 0.007   0.631   0.644 0.005  [0.631 0.644 0.642 0.636 0.636]
           mles__169             0.641 0.005   0.635   0.646 0.004  [0.636 0.645 0.644 0.636 0.641]
           mles__179             0.639 0.007   0.631   0.646 0.006  [0.635 0.642 0.648 0.636 0.634]
           mles__189             0.641 0.010   0.630   0.651 0.008  [0.630 0.647 0.652 0.638 0.638]
           mles__199             0.639 0.006   0.633   0.644 0.005  [0.635 0.642 0.645 0.637 0.634]
           mles__209             0.640 0.006   0.634   0.646 0.005  [0.642 0.644 0.644 0.635 0.634]
           mles__219             0.639 0.008   0.631   0.647 0.006  [0.631 0.641 0.649 0.638 0.637]
           mles__229             0.639 0.006   0.633   0.644 0.005  [0.635 0.639 0.647 0.637 0.636]
           mles__239             0.640 0.006   0.634   0.646 0.005  [0.635 0.648 0.641 0.637 0.639]
           mles__249             0.642 0.006   0.636   0.648 0.005  [0.637 0.645 0.649 0.640 0.640]
           mles__259             0.639 0.008   0.631   0.647 0.006  [0.635 0.646 0.644 0.631 0.639]
           mles__269             0.638 0.003   0.635   0.641 0.003  [0.635 0.642 0.637 0.638 0.637]
           mles__279             0.641 0.006   0.635   0.647 0.005  [0.635 0.641 0.648 0.641 0.639]
           mles__289             0.641 0.007   0.635   0.648 0.005  [0.632 0.644 0.646 0.643 0.641]
           mles__299             0.640 0.006   0.634   0.646 0.005  [0.636 0.639 0.648 0.636 0.640]
           random_encoder        0.386 0.004   0.382   0.389 0.003  [0.384 0.384 0.389 0.389 0.383]
split_name                scores_test                                                             
                                 mean  t_pm t_int_l t_int_h   std                           values
model_name feature_name                                                                           
lgbm       baseline             0.630 0.006   0.624   0.636 0.005  [0.629 0.625 0.637 0.633 0.628]
           mles__009            0.614 0.006   0.608   0.619 0.005  [0.618 0.618 0.609 0.613 0.609]
           mles__019            0.627 0.005   0.622   0.632 0.004  [0.624 0.628 0.621 0.630 0.630]
           mles__029            0.633 0.006   0.626   0.639 0.005  [0.638 0.635 0.636 0.630 0.625]
           mles__039            0.632 0.004   0.627   0.636 0.003  [0.632 0.634 0.635 0.627 0.630]
           mles__049            0.636 0.005   0.630   0.641 0.004  [0.634 0.635 0.643 0.635 0.632]
           mles__059            0.632 0.007   0.625   0.638 0.005  [0.639 0.630 0.634 0.624 0.631]
           mles__069            0.641 0.004   0.637   0.645 0.003  [0.644 0.643 0.643 0.636 0.639]
           mles__079            0.643 0.001   0.642   0.644 0.001  [0.641 0.644 0.643 0.643 0.643]
           mles__089            0.637 0.002   0.635   0.639 0.002  [0.636 0.638 0.636 0.635 0.639]
           mles__099            0.643 0.003   0.640   0.646 0.002  [0.646 0.642 0.642 0.641 0.645]
           mles__109            0.646 0.004   0.642   0.650 0.003  [0.643 0.644 0.650 0.648 0.643]
           mles__119            0.645 0.003   0.642   0.648 0.002  [0.644 0.646 0.641 0.647 0.646]
           mles__129            0.645 0.009   0.637   0.654 0.007  [0.649 0.655 0.643 0.643 0.637]
           mles__139            0.640 0.005   0.635   0.646 0.004  [0.643 0.646 0.637 0.639 0.636]
           mles__149            0.646 0.006   0.641   0.652 0.004  [0.653 0.649 0.642 0.643 0.645]
           mles__159            0.644 0.005   0.639   0.649 0.004  [0.649 0.644 0.641 0.639 0.647]
           mles__169            0.644 0.006   0.638   0.650 0.005  [0.645 0.650 0.642 0.644 0.637]
           mles__179            0.648 0.003   0.644   0.651 0.003  [0.649 0.650 0.644 0.646 0.648]
           mles__189            0.644 0.004   0.640   0.648 0.003  [0.641 0.648 0.646 0.642 0.642]
           mles__199            0.643 0.004   0.638   0.647 0.003  [0.641 0.641 0.639 0.645 0.647]
           mles__209            0.648 0.006   0.642   0.654 0.005  [0.648 0.657 0.648 0.644 0.645]
           mles__219            0.648 0.005   0.643   0.653 0.004  [0.647 0.650 0.645 0.653 0.644]
           mles__229            0.646 0.003   0.643   0.650 0.003  [0.645 0.650 0.643 0.648 0.647]
           mles__239            0.643 0.004   0.638   0.647 0.003  [0.644 0.647 0.643 0.640 0.638]
           mles__249            0.645 0.004   0.641   0.650 0.003  [0.648 0.646 0.646 0.640 0.648]
           mles__259            0.647 0.005   0.642   0.652 0.004  [0.652 0.646 0.642 0.649 0.646]
           mles__269            0.645 0.003   0.642   0.648 0.003  [0.647 0.643 0.646 0.641 0.648]
           mles__279            0.642 0.005   0.637   0.646 0.004  [0.642 0.645 0.636 0.644 0.642]
           mles__289            0.639 0.003   0.636   0.642 0.002  [0.638 0.642 0.636 0.641 0.637]
           mles__299            0.638 0.006   0.632   0.644 0.005  [0.642 0.638 0.632 0.635 0.642]
           random_encoder       0.376 0.009   0.367   0.385 0.007  [0.373 0.387 0.377 0.367 0.376]

------------------------------------------------------------------------------------------------------------------------
End of report.     Current time: 2022-12-01 05:49:46
------------------------------------------------------------------------------------------------------------------------
