------------------------------------------------------------------------------------------------------------------------
Vector testing report
Params:

Collected 160 files with 0 errors

------------------------------------------------------------------------------------------------------------------------
Metric: "accuracy"
split_name                scores_valid                                                             
                                  mean  t_pm t_int_l t_int_h   std                           values
model_name feature_name                                                                            
lgbm       baseline              0.632 0.004   0.628   0.636 0.003  [0.631 0.635 0.635 0.628 0.631]
           mles_l__009           0.630 0.004   0.626   0.634 0.003  [0.625 0.631 0.632 0.630 0.634]
           mles_l__019           0.636 0.004   0.632   0.640 0.003  [0.632 0.639 0.637 0.634 0.638]
           mles_l__029           0.633 0.005   0.628   0.638 0.004  [0.627 0.634 0.638 0.631 0.634]
           mles_l__039           0.636 0.003   0.633   0.639 0.003  [0.633 0.637 0.635 0.640 0.635]
           mles_l__049           0.638 0.008   0.630   0.647 0.007  [0.631 0.648 0.641 0.633 0.638]
           mles_l__059           0.638 0.004   0.634   0.642 0.003  [0.635 0.642 0.641 0.638 0.636]
           mles_l__069           0.641 0.003   0.638   0.644 0.003  [0.639 0.642 0.644 0.641 0.638]
           mles_l__079           0.642 0.004   0.638   0.646 0.003  [0.646 0.644 0.642 0.639 0.639]
           mles_l__089           0.641 0.004   0.636   0.645 0.003  [0.639 0.643 0.644 0.636 0.642]
           mles_l__099           0.642 0.006   0.636   0.648 0.005  [0.640 0.650 0.641 0.637 0.642]
           mles_l__109           0.638 0.005   0.632   0.643 0.004  [0.635 0.642 0.641 0.632 0.639]
           mles_l__119           0.640 0.007   0.634   0.647 0.005  [0.641 0.645 0.639 0.632 0.645]
           mles_l__129           0.642 0.005   0.636   0.647 0.004  [0.639 0.648 0.645 0.639 0.638]
           mles_l__139           0.643 0.006   0.637   0.649 0.005  [0.639 0.649 0.643 0.638 0.646]
           mles_l__149           0.642 0.005   0.637   0.647 0.004  [0.640 0.641 0.647 0.637 0.644]
           mles_l__159           0.644 0.003   0.640   0.647 0.003  [0.643 0.643 0.642 0.642 0.649]
           mles_l__169           0.641 0.009   0.633   0.650 0.007  [0.636 0.649 0.647 0.632 0.643]
           mles_l__179           0.643 0.006   0.636   0.649 0.005  [0.639 0.648 0.640 0.638 0.648]
           mles_l__189           0.641 0.004   0.637   0.646 0.004  [0.639 0.645 0.639 0.639 0.645]
           mles_l__199           0.645 0.007   0.638   0.651 0.005  [0.638 0.647 0.645 0.641 0.652]
           mles_l__209           0.641 0.005   0.637   0.646 0.004  [0.637 0.645 0.643 0.639 0.644]
           mles_l__219           0.642 0.006   0.635   0.648 0.005  [0.634 0.646 0.642 0.640 0.646]
           mles_l__229           0.643 0.006   0.637   0.649 0.005  [0.638 0.647 0.649 0.640 0.642]
           mles_l__239           0.643 0.004   0.639   0.647 0.003  [0.641 0.648 0.643 0.639 0.644]
           mles_l__249           0.642 0.006   0.636   0.647 0.005  [0.638 0.646 0.645 0.635 0.645]
           mles_l__259           0.643 0.005   0.638   0.648 0.004  [0.641 0.648 0.644 0.637 0.644]
           mles_l__269           0.642 0.005   0.637   0.647 0.004  [0.638 0.646 0.645 0.638 0.643]
           mles_l__279           0.645 0.004   0.641   0.649 0.003  [0.640 0.649 0.645 0.646 0.644]
           mles_l__289           0.640 0.005   0.635   0.645 0.004  [0.637 0.641 0.643 0.634 0.643]
           mles_l__299           0.642 0.006   0.636   0.648 0.005  [0.635 0.641 0.646 0.638 0.646]
           random_encoder        0.386 0.004   0.382   0.389 0.003  [0.384 0.384 0.389 0.389 0.383]
split_name                scores_test                                                             
                                 mean  t_pm t_int_l t_int_h   std                           values
model_name feature_name                                                                           
lgbm       baseline             0.630 0.006   0.624   0.636 0.005  [0.629 0.625 0.637 0.633 0.628]
           mles_l__009          0.632 0.002   0.630   0.634 0.002  [0.629 0.633 0.633 0.633 0.634]
           mles_l__019          0.627 0.006   0.622   0.633 0.004  [0.627 0.620 0.628 0.630 0.632]
           mles_l__029          0.634 0.003   0.631   0.637 0.003  [0.634 0.631 0.638 0.633 0.634]
           mles_l__039          0.632 0.007   0.625   0.640 0.006  [0.640 0.630 0.632 0.624 0.636]
           mles_l__049          0.639 0.003   0.636   0.642 0.003  [0.640 0.642 0.638 0.641 0.635]
           mles_l__059          0.640 0.006   0.634   0.645 0.005  [0.643 0.636 0.639 0.635 0.645]
           mles_l__069          0.639 0.008   0.631   0.648 0.007  [0.644 0.637 0.644 0.628 0.642]
           mles_l__079          0.637 0.004   0.634   0.641 0.003  [0.640 0.633 0.640 0.636 0.638]
           mles_l__089          0.637 0.004   0.633   0.642 0.004  [0.633 0.634 0.641 0.637 0.641]
           mles_l__099          0.639 0.002   0.636   0.641 0.002  [0.638 0.638 0.640 0.636 0.641]
           mles_l__109          0.638 0.005   0.634   0.643 0.004  [0.640 0.643 0.636 0.633 0.639]
           mles_l__119          0.641 0.006   0.636   0.647 0.005  [0.646 0.642 0.634 0.640 0.645]
           mles_l__129          0.641 0.002   0.639   0.643 0.002  [0.644 0.641 0.640 0.641 0.641]
           mles_l__139          0.641 0.003   0.638   0.644 0.002  [0.643 0.642 0.640 0.637 0.641]
           mles_l__149          0.636 0.003   0.632   0.639 0.003  [0.634 0.635 0.637 0.640 0.633]
           mles_l__159          0.644 0.007   0.637   0.650 0.005  [0.648 0.646 0.636 0.649 0.639]
           mles_l__169          0.639 0.004   0.635   0.643 0.003  [0.639 0.642 0.643 0.638 0.634]
           mles_l__179          0.638 0.003   0.634   0.641 0.003  [0.639 0.636 0.638 0.634 0.641]
           mles_l__189          0.642 0.003   0.639   0.645 0.002  [0.638 0.642 0.644 0.642 0.643]
           mles_l__199          0.639 0.005   0.634   0.643 0.004  [0.637 0.637 0.640 0.635 0.644]
           mles_l__209          0.640 0.004   0.636   0.645 0.003  [0.644 0.638 0.644 0.639 0.638]
           mles_l__219          0.641 0.005   0.636   0.646 0.004  [0.641 0.636 0.638 0.647 0.642]
           mles_l__229          0.642 0.002   0.639   0.644 0.002  [0.640 0.643 0.643 0.642 0.640]
           mles_l__239          0.640 0.007   0.633   0.646 0.005  [0.641 0.638 0.635 0.648 0.635]
           mles_l__249          0.643 0.004   0.639   0.647 0.003  [0.647 0.641 0.638 0.644 0.643]
           mles_l__259          0.639 0.007   0.632   0.646 0.005  [0.639 0.634 0.639 0.635 0.648]
           mles_l__269          0.641 0.005   0.636   0.646 0.004  [0.639 0.635 0.645 0.644 0.642]
           mles_l__279          0.639 0.005   0.634   0.645 0.004  [0.641 0.641 0.640 0.632 0.643]
           mles_l__289          0.636 0.005   0.631   0.641 0.004  [0.642 0.633 0.631 0.638 0.637]
           mles_l__299          0.635 0.003   0.632   0.639 0.003  [0.638 0.633 0.631 0.636 0.637]
           random_encoder       0.376 0.009   0.367   0.385 0.007  [0.373 0.387 0.377 0.367 0.376]

------------------------------------------------------------------------------------------------------------------------
End of report.     Current time: 2022-12-01 08:43:11
------------------------------------------------------------------------------------------------------------------------
