------------------------------------------------------------------------------------------------------------------------
Vector testing report
Params:

Collected 65 files with 0 errors

------------------------------------------------------------------------------------------------------------------------
Metric: "accuracy"
split_name                              scores_valid                                                                                                                                                                                             
                                                mean  t_pm t_int_l t_int_h   std                           values t_f_stat t_f_alpha t_t_stat t_t_alpha t_delta t_delta_pm t_delta_l t_delta_h t_delta_pp t_delta_pm_pp t_delta_l_pp t_delta_h_pp
model_name feature_name                                                                                                                                                                                                                          
lgbm       default_flow_hs512_4_4_noln         0.599 0.006   0.593   0.605 0.005  [0.598 0.606 0.603 0.594 0.595]   12.224     0.988   -1.627     0.054  -0.013      0.016    -0.029     0.003     -2.104         2.580       -4.685        0.476
           default_quad_hs1024_4_4_noln        0.612 0.005   0.607   0.618 0.004  [0.611 0.617 0.615 0.606 0.612]   17.260     0.994    0.044     0.517   0.000      0.016    -0.015     0.016      0.056         2.578       -2.522        2.635
           default_quad_hs512_4_4_noln         0.611 0.009   0.602   0.620 0.007  [0.609 0.618 0.612 0.600 0.616]    5.933     0.954   -0.129     0.449  -0.001      0.016    -0.017     0.015     -0.168         2.587       -2.755        2.420
           longformer_hs2048_4_4               0.627 0.003   0.624   0.630 0.003  [0.628 0.631 0.629 0.625 0.624]   39.747     0.999    1.905     0.969   0.015      0.016    -0.001     0.031      2.459         2.576       -0.117        5.035
           longformer_hs400_4_4                0.623 0.005   0.617   0.628 0.004  [0.617 0.625 0.626 0.626 0.618]   16.273     0.993    1.331     0.906   0.011      0.016    -0.005     0.026      1.721         2.579       -0.858        4.299
           longformer_hs400_8_8                0.624 0.007   0.617   0.632 0.006  [0.621 0.631 0.625 0.628 0.616]    9.490     0.980    1.573     0.940   0.012      0.016    -0.003     0.028      2.035         2.582       -0.547        4.618
           longformer_hs768_2_4                0.630 0.003   0.627   0.634 0.003  [0.629 0.635 0.628 0.629 0.631]   40.139     0.999    2.341     0.989   0.018      0.016     0.003     0.034      3.022         2.576        0.446        5.598
           longformer_hs768_4_2                0.624 0.006   0.619   0.630 0.005  [0.621 0.628 0.629 0.619 0.625]   14.759     0.991    1.542     0.936   0.012      0.016    -0.004     0.028      1.993         2.579       -0.586        4.572
           rezero_flow_hs512_4_4_noln          0.595 0.004   0.591   0.599 0.003  [0.594 0.599 0.595 0.591 0.597]   31.252     0.998   -2.117     0.019  -0.017      0.016    -0.032    -0.001     -2.734         2.576       -5.310       -0.157
           rezero_quad_hs512_4_4_post          0.588 0.007   0.581   0.595 0.006  [0.583 0.584 0.597 0.590 0.588]    9.550     0.980   -2.987     0.002  -0.024      0.016    -0.039    -0.008     -3.865         2.582       -6.448       -1.283
           rezero_quad_hs512_4_4_pre           0.588 0.007   0.581   0.595 0.006  [0.583 0.584 0.597 0.590 0.588]    9.550     0.980   -2.987     0.002  -0.024      0.016    -0.039    -0.008     -3.865         2.582       -6.448       -1.283
           rezero_quad_hs768_8_8_pre           0.593 0.004   0.589   0.597 0.003  [0.589 0.594 0.597 0.591 0.594]   34.041     0.998   -2.422     0.009  -0.019      0.016    -0.035    -0.003     -3.127         2.576       -5.703       -0.551
           rnn_800                             0.640 0.006   0.634   0.646 0.005  [0.640 0.647 0.642 0.633 0.638]   11.239     0.986    3.539     1.000   0.028      0.016     0.012     0.044      4.577         2.581        1.996        7.158
split_name                              scores_test                                                                                                                                                                                             
                                               mean  t_pm t_int_l t_int_h   std                           values t_f_stat t_f_alpha t_t_stat t_t_alpha t_delta t_delta_pm t_delta_l t_delta_h t_delta_pp t_delta_pm_pp t_delta_l_pp t_delta_h_pp
model_name feature_name                                                                                                                                                                                                                         
lgbm       default_flow_hs512_4_4_noln        0.598 0.004   0.594   0.602 0.003  [0.603 0.598 0.594 0.598 0.598]   36.162     0.998   -1.989     0.025  -0.017      0.017    -0.033     0.000     -2.712         2.721       -5.433        0.009
           default_quad_hs1024_4_4_noln       0.614 0.006   0.609   0.620 0.005  [0.619 0.613 0.608 0.614 0.618]   16.510     0.993   -0.057     0.477  -0.000      0.017    -0.017     0.016     -0.078         2.724       -2.802        2.647
           default_quad_hs512_4_4_noln        0.618 0.002   0.617   0.620 0.001  [0.619 0.616 0.619 0.620 0.618]  158.232     1.000    0.412     0.659   0.003      0.017    -0.013     0.020      0.562         2.720       -2.157        3.282
           longformer_hs2048_4_4              0.631 0.005   0.626   0.637 0.004  [0.636 0.635 0.626 0.629 0.629]   17.681     0.994    1.929     0.971   0.016      0.017    -0.001     0.033      2.633         2.724       -0.091        5.357
           longformer_hs400_4_4               0.627 0.004   0.623   0.631 0.004  [0.626 0.625 0.633 0.624 0.627]   27.907     0.997    1.445     0.924   0.012      0.017    -0.005     0.029      1.971         2.722       -0.751        4.693
           longformer_hs400_8_8               0.625 0.004   0.621   0.630 0.003  [0.625 0.627 0.622 0.622 0.630]   28.809     0.998    1.231     0.889   0.010      0.017    -0.006     0.027      1.679         2.722       -1.043        4.401
           longformer_hs768_2_4               0.636 0.006   0.630   0.642 0.005  [0.637 0.634 0.631 0.635 0.644]   14.900     0.992    2.539     0.993   0.021      0.017     0.005     0.038      3.467         2.725        0.743        6.192
           longformer_hs768_4_2               0.632 0.005   0.627   0.637 0.004  [0.634 0.636 0.630 0.626 0.633]   22.720     0.996    2.001     0.975   0.017      0.017     0.000     0.034      2.730         2.723        0.008        5.453
           rezero_flow_hs512_4_4_noln         0.600 0.007   0.594   0.607 0.005  [0.608 0.593 0.602 0.597 0.601]   11.920     0.987   -1.739     0.043  -0.015      0.017    -0.031     0.002     -2.376         2.726       -5.102        0.350
           rezero_quad_hs512_4_4_post         0.589 0.004   0.586   0.593 0.003  [0.591 0.589 0.592 0.584 0.590]   36.120     0.998   -3.038     0.002  -0.025      0.017    -0.042    -0.009     -4.143         2.721       -6.864       -1.422
           rezero_quad_hs512_4_4_pre          0.589 0.004   0.586   0.593 0.003  [0.591 0.589 0.592 0.584 0.590]   36.120     0.998   -3.038     0.002  -0.025      0.017    -0.042    -0.009     -4.143         2.721       -6.864       -1.422
           rezero_quad_hs768_8_8_pre          0.592 0.005   0.587   0.597 0.004  [0.595 0.597 0.592 0.587 0.588]   18.744     0.995   -2.749     0.004  -0.023      0.017    -0.040    -0.006     -3.753         2.724       -6.476       -1.029
           rnn_800                            0.641 0.009   0.631   0.650 0.008  [0.636 0.639 0.654 0.639 0.635]    5.991     0.954    3.038     0.998   0.026      0.017     0.009     0.042      4.161         2.733        1.428        6.894

------------------------------------------------------------------------------------------------------------------------
End of report.     Current time: 2022-12-25 01:19:00
------------------------------------------------------------------------------------------------------------------------
