------------------------------------------------------------------------------------------------------------------------
Vector testing report
Params:
    conf: "conf/embeddings_validation_baselines_supervised.yaml"

Collected 5 files with 0 errors

------------------------------------------------------------------------------------------------------------------------
Metric: "accuracy"
split_name                         scores_valid                                                                                                                                                                                             
                                           mean  t_pm t_int_l t_int_h   std                           values t_f_stat t_f_alpha t_t_stat t_t_alpha t_delta t_delta_pm t_delta_l t_delta_h t_delta_pp t_delta_pm_pp t_delta_l_pp t_delta_h_pp
model_name feature_name                                                                                                                                                                                                                     
nn         barlow_twins_finetuning        0.599 0.005   0.594   0.604 0.004  [0.592 0.603 0.601 0.599 0.600]    1.743     0.698   -4.241     0.001  -0.013      0.007    -0.021    -0.006     -2.173         1.181       -3.354       -0.991
           cpc_finetuning                 0.601 0.006   0.595   0.607 0.005  [0.599 0.607 0.603 0.594 0.603]    1.398     0.623   -3.362     0.005  -0.011      0.008    -0.019    -0.003     -1.798         1.233       -3.031       -0.565
           mles_finetuning                0.611 0.006   0.604   0.617 0.005  [0.604 0.617 0.612 0.612 0.609]    1.227     0.576   -0.444     0.334  -0.001      0.008    -0.009     0.006     -0.244         1.269       -1.513        1.024
           rtd_finetuning                 0.606 0.004   0.602   0.610 0.003  [0.606 0.611 0.608 0.602 0.604]    2.579     0.809   -2.053     0.037  -0.006      0.007    -0.013     0.001     -0.988         1.109       -2.097        0.122
           target_scores                  0.612 0.007   0.605   0.619 0.006  [0.604 0.619 0.611 0.613 0.614]    1.000     0.500    0.000     0.500   0.000      0.008    -0.008     0.008      0.000         1.332       -1.332        1.332
split_name                         scores_test                                                                                                                                                                                             
                                          mean  t_pm t_int_l t_int_h   std                           values t_f_stat t_f_alpha t_t_stat t_t_alpha t_delta t_delta_pm t_delta_l t_delta_h t_delta_pp t_delta_pm_pp t_delta_l_pp t_delta_h_pp
model_name feature_name                                                                                                                                                                                                                    
nn         barlow_twins_finetuning       0.619 0.002   0.617   0.621 0.002  [0.619 0.618 0.620 0.620 0.616]   10.786     0.980   -0.500     0.315  -0.001      0.006    -0.007     0.004     -0.194         0.893       -1.087        0.699
           cpc_finetuning                0.625 0.007   0.617   0.632 0.006  [0.617 0.627 0.620 0.630 0.629]    0.796     0.415    1.353     0.893   0.005      0.008    -0.003     0.013      0.753         1.283       -0.531        2.036
           mles_finetuning               0.624 0.006   0.618   0.630 0.005  [0.632 0.624 0.619 0.622 0.624]    1.218     0.574    1.377     0.897   0.004      0.007    -0.003     0.011      0.688         1.153       -0.464        1.841
           rtd_finetuning                0.622 0.014   0.609   0.636 0.011  [0.633 0.622 0.606 0.619 0.631]    0.221     0.086    0.469     0.674   0.003      0.012    -0.010     0.015      0.409         2.009       -1.600        2.418
           target_scores                 0.620 0.006   0.613   0.626 0.005  [0.615 0.623 0.625 0.614 0.623]    1.000     0.500    0.000     0.500   0.000      0.007    -0.007     0.007      0.000         1.208       -1.208        1.208

------------------------------------------------------------------------------------------------------------------------
End of report.     Current time: 2022-07-13 15:29:16
------------------------------------------------------------------------------------------------------------------------
