------------------------------------------------------------------------------------------------------------------------
Vector testing report
Params:
    conf: "conf/embeddings_validation_baselines_unsupervised.yaml"

Collected 45 files with 0 errors

------------------------------------------------------------------------------------------------------------------------
Metric: "accuracy"
split_name                         scores_valid                                                                                                                                                                                             
                                           mean  t_pm t_int_l t_int_h   std                           values t_f_stat t_f_alpha t_t_stat t_t_alpha t_delta t_delta_pm t_delta_l t_delta_h t_delta_pp t_delta_pm_pp t_delta_l_pp t_delta_h_pp
model_name feature_name                                                                                                                                                                                                                     
lgbm       barlow_twins_embeddings        0.632 0.004   0.628   0.636 0.003  [0.628 0.630 0.636 0.632 0.634]    0.212     0.081   -0.801     0.223  -0.001      0.004    -0.005     0.002     -0.205         0.589       -0.794        0.384
           baseline                       0.633 0.002   0.631   0.635 0.002  [0.631 0.635 0.635 0.633 0.634]    1.000     0.500    0.000     0.500   0.000      0.002    -0.002     0.002      0.000         0.348       -0.348        0.348
           cpc_embeddings                 0.602 0.004   0.597   0.606 0.004  [0.598 0.600 0.604 0.600 0.607]    0.177     0.061  -18.052     0.000  -0.031      0.004    -0.036    -0.027     -4.970         0.635       -5.605       -4.336
           mles2_embeddings               0.636 0.004   0.632   0.640 0.003  [0.634 0.640 0.639 0.634 0.634]    0.228     0.091    1.817     0.947   0.003      0.004    -0.001     0.006      0.450         0.571       -0.121        1.022
           mles_embeddings                0.640 0.004   0.635   0.644 0.004  [0.639 0.636 0.645 0.637 0.640]    0.183     0.064    3.593     0.996   0.006      0.004     0.002     0.010      0.977         0.627        0.350        1.603
           mles_sup_embeddings            0.669 0.009   0.660   0.678 0.007  [0.662 0.676 0.677 0.661 0.669]    0.144     0.043   10.319     1.000   0.037      0.008     0.029     0.045      5.843         1.306        4.537        7.148
           nsp_embeddings                 0.626 0.007   0.619   0.632 0.005  [0.623 0.623 0.635 0.627 0.621]    0.077     0.015   -3.027     0.008  -0.008      0.006    -0.014    -0.002     -1.210         0.922       -2.133       -0.288
           random_encoder                 0.386 0.004   0.382   0.389 0.003  [0.382 0.385 0.384 0.390 0.388]    0.236     0.095 -160.012     0.000  -0.248      0.004    -0.251    -0.244    -39.115         0.564      -39.678      -38.551
           rtd_embeddings                 0.632 0.008   0.624   0.640 0.006  [0.625 0.627 0.638 0.640 0.631]    0.058     0.009   -0.423     0.342  -0.001      0.007    -0.008     0.005     -0.193         1.053       -1.246        0.860
           sop_embeddings                 0.517 0.003   0.513   0.520 0.002  [0.514 0.517 0.515 0.517 0.520]    0.367     0.177  -89.477     0.000  -0.117      0.003    -0.120    -0.114    -18.443         0.475      -18.919      -17.968
split_name                         scores_test                                                                                                                                                                                             
                                          mean  t_pm t_int_l t_int_h   std                           values t_f_stat t_f_alpha t_t_stat t_t_alpha t_delta t_delta_pm t_delta_l t_delta_h t_delta_pp t_delta_pm_pp t_delta_l_pp t_delta_h_pp
model_name feature_name                                                                                                                                                                                                                    
lgbm       barlow_twins_embeddings       0.634 0.003   0.631   0.637 0.002  [0.637 0.636 0.634 0.633 0.631]    3.647     0.881    2.204     0.971   0.005      0.006    -0.000     0.011      0.837         0.876       -0.039        1.714
           baseline                      0.629 0.006   0.623   0.635 0.005  [0.629 0.625 0.637 0.627 0.627]    1.000     0.500    0.000     0.500   0.000      0.007    -0.007     0.007      0.000         1.098       -1.098        1.098
           cpc_embeddings                0.602 0.006   0.596   0.608 0.004  [0.605 0.596 0.607 0.599 0.603]    1.107     0.538   -9.244     0.000  -0.027      0.007    -0.034    -0.020     -4.293         1.071       -5.364       -3.222
           mles2_embeddings              0.643 0.004   0.639   0.647 0.003  [0.645 0.642 0.641 0.647 0.640]    2.424     0.794    5.564     1.000   0.014      0.006     0.008     0.020      2.226         0.923        1.303        3.149
           mles_embeddings               0.640 0.005   0.635   0.644 0.004  [0.634 0.644 0.640 0.641 0.640]    1.594     0.669    3.974     0.998   0.011      0.006     0.005     0.017      1.707         0.990        0.716        2.697
           mles_sup_embeddings           0.648 0.004   0.644   0.652 0.003  [0.649 0.646 0.651 0.643 0.651]    2.128     0.759    6.968     1.000   0.018      0.006     0.012     0.024      2.846         0.942        1.904        3.787
           nsp_embeddings                0.621 0.004   0.617   0.625 0.003  [0.619 0.626 0.621 0.618 0.622]    2.337     0.784   -3.083     0.008  -0.008      0.006    -0.014    -0.002     -1.240         0.928       -2.168       -0.313
           random_encoder                0.375 0.008   0.367   0.383 0.007  [0.367 0.382 0.373 0.372 0.381]    0.528     0.276  -70.506     0.000  -0.254      0.008    -0.262    -0.246    -40.365         1.320      -41.685      -39.044
           rtd_embeddings                0.631 0.008   0.623   0.640 0.007  [0.621 0.630 0.631 0.637 0.637]    0.516     0.268    0.680     0.742   0.002      0.008    -0.006     0.011      0.392         1.331       -0.939        1.723
           sop_embeddings                0.512 0.006   0.506   0.518 0.005  [0.509 0.508 0.514 0.520 0.510]    0.903     0.462  -38.006     0.000  -0.117      0.007    -0.124    -0.110    -18.571         1.127      -19.698      -17.444

------------------------------------------------------------------------------------------------------------------------
End of report.     Current time: 2022-07-12 18:36:09
------------------------------------------------------------------------------------------------------------------------
