------------------------------------------------------------------------------------------------------------------------
Vector testing report
Params:

Collected 15 files with 0 errors

------------------------------------------------------------------------------------------------------------------------
Metric: "accuracy"
split_name                                  scores_valid                                                                                                                                                                                             
                                            mean  t_pm t_int_l t_int_h   std                           values t_f_stat t_f_alpha t_t_stat t_t_alpha t_delta t_delta_pm t_delta_l t_delta_h t_delta_pp t_delta_pm_pp t_delta_l_pp t_delta_h_pp
model_name feature_name                                                                                                                                                                                                             
lgbm       baseline                         0.635 0.004   0.632   0.639 0.003  [0.632 0.639 0.638 0.634 0.634]    1.000     0.500    0.000     0.500   0.000      0.004    -0.004     0.004      0.000         0.655       -0.655        0.655
           emb_loss_softmax_temp_0.05       0.635 0.008   0.627   0.643 0.007  [0.629 0.639 0.644 0.629 0.635]    0.185     0.065   -0.092     0.465  -0.000      0.007    -0.008     0.007     -0.047         1.173       -1.220        1.127
           emb_loss_softmax_temp_0.05       0.625 0.006   0.619   0.631 0.005  [0.620 0.629 0.631 0.623 0.623]    0.361     0.173   -4.123     0.002  -0.010      0.006    -0.016    -0.005     -1.609         0.900       -2.509       -0.709
           random_encoder                   0.392 0.005   0.387   0.398 0.004  [0.398 0.393 0.393 0.392 0.386]    0.418     0.209 -103.364     0.000  -0.243      0.005    -0.248    -0.238    -38.257         0.853      -39.111      -37.404
split_name                                  scores_test                                                                                                                                                                                             
                                            mean  t_pm t_int_l t_int_h   std                           values t_f_stat t_f_alpha t_t_stat t_t_alpha t_delta t_delta_pm t_delta_l t_delta_h t_delta_pp t_delta_pm_pp t_delta_l_pp t_delta_h_pp
model_name feature_name                                                                                                                                                                                                            
lgbm       baseline                         0.633 0.004   0.629   0.637 0.003  [0.634 0.631 0.637 0.632 0.629]    1.000     0.500    0.000     0.500   0.000      0.005    -0.005     0.005      0.000         0.738       -0.738        0.738
           emb_loss_softmax_temp_0.05       0.632 0.008   0.624   0.641 0.006  [0.632 0.638 0.629 0.624 0.640]    0.243     0.100   -0.041     0.484  -0.000      0.007    -0.008     0.007     -0.021         1.179       -1.200        1.158
           emb_loss_softmax_temp_0.01       0.625 0.004   0.621   0.630 0.003  [0.624 0.631 0.625 0.625 0.622]    0.848     0.439   -3.408     0.005  -0.007      0.005    -0.012    -0.002     -1.138         0.770       -1.908       -0.368
           random_encoder                   0.381 0.010   0.371   0.390 0.008  [0.384 0.376 0.391 0.382 0.371]    0.169     0.057  -66.896     0.000  -0.252      0.009    -0.261    -0.243    -39.815         1.372      -41.187      -38.442

------------------------------------------------------------------------------------------------------------------------
End of report.     Current time: 2022-11-20 17:21:58
------------------------------------------------------------------------------------------------------------------------
