------------------------------------------------------------------------------------------------------------------------
Vector testing report
Params:

Collected 15 files with 0 errors

------------------------------------------------------------------------------------------------------------------------
Metric: "accuracy"
split_name                                  scores_valid                                                                                                                                                                                             
                                            mean  t_pm t_int_l t_int_h   std                           values t_f_stat t_f_alpha t_t_stat t_t_alpha t_delta t_delta_pm t_delta_l t_delta_h t_delta_pp t_delta_pm_pp t_delta_l_pp t_delta_h_pp
model_name feature_name                                                                                                                                                                                                             
lgbm       baseline                         0.635 0.004   0.632   0.639 0.003  [0.632 0.639 0.638 0.634 0.634]    1.000     0.500    0.000     0.500   0.000      0.004    -0.004     0.004      0.000         0.655       -0.655        0.655
           emb_loss_softmax_temp_0.05       0.626 0.005   0.622   0.631 0.004  [0.626 0.630 0.629 0.621 0.626]    0.575     0.303   -4.208     0.001  -0.009      0.005    -0.014    -0.004     -1.399         0.767       -2.166       -0.632
           emb_loss_softmax_temp_0.01       0.618 0.009   0.609   0.627 0.007  [0.611 0.624 0.620 0.610 0.625]    0.165     0.054   -5.108     0.000  -0.017      0.008    -0.025    -0.010     -2.728         1.232       -3.960       -1.497
           random_encoder                   0.392 0.005   0.387   0.398 0.004  [0.398 0.393 0.393 0.392 0.386]    0.418     0.209 -103.364     0.000  -0.243      0.005    -0.248    -0.238    -38.257         0.853      -39.111      -37.404
split_name                                  scores_test                                                                                                                                                                                             
                                            mean  t_pm t_int_l t_int_h   std                           values t_f_stat t_f_alpha t_t_stat t_t_alpha t_delta t_delta_pm t_delta_l t_delta_h t_delta_pp t_delta_pm_pp t_delta_l_pp t_delta_h_pp
model_name feature_name                                                                                                                                                                                                            
lgbm       baseline                         0.633 0.004   0.629   0.637 0.003  [0.634 0.631 0.637 0.632 0.629]    1.000     0.500    0.000     0.500   0.000      0.005    -0.005     0.005      0.000         0.738       -0.738        0.738
           emb_loss_softmax_temp_0.05       0.629 0.004   0.624   0.633 0.003  [0.629 0.633 0.625 0.631 0.626]    0.856     0.442   -1.898     0.047  -0.004      0.005    -0.009     0.001     -0.632         0.768       -1.401        0.136
           emb_loss_softmax_temp_0.01       0.623 0.003   0.621   0.626 0.002  [0.625 0.623 0.622 0.620 0.624]    2.446     0.796   -5.611     0.000  -0.010      0.004    -0.013    -0.006     -1.507         0.619       -2.126       -0.888
           random_encoder                   0.381 0.010   0.371   0.390 0.008  [0.384 0.376 0.391 0.382 0.371]    0.169     0.057  -66.896     0.000  -0.252      0.009    -0.261    -0.243    -39.815         1.372      -41.187      -38.442

------------------------------------------------------------------------------------------------------------------------
End of report.     Current time: 2022-11-21 10:04:36
------------------------------------------------------------------------------------------------------------------------
