------------------------------------------------------------------------------------------------------------------------
Vector testing report
Params:
    conf: "conf/embeddings_validation_baselines_unsupervised.yaml"

Collected 45 files with 0 errors

------------------------------------------------------------------------------------------------------------------------
Metric: "auroc"
split_name                         scores_valid                                                                                                                                                                                             
                                           mean  t_pm t_int_l t_int_h   std                           values t_f_stat t_f_alpha t_t_stat t_t_alpha t_delta t_delta_pm t_delta_l t_delta_h t_delta_pp t_delta_pm_pp t_delta_l_pp t_delta_h_pp
model_name feature_name                                                                                                                                                                                                                     
lgbm       barlow_twins_embeddings        0.817 0.012   0.805   0.830 0.010  [0.823 0.800 0.821 0.818 0.824]    1.098     0.535    1.708     0.937   0.011      0.015    -0.004     0.026      1.358         1.833       -0.475        3.190
           baseline                       0.806 0.013   0.794   0.819 0.010  [0.818 0.795 0.815 0.807 0.797]    1.000     0.500    0.000     0.500   0.000      0.015    -0.015     0.015      0.000         1.875       -1.875        1.875
           cpc_embeddings                 0.795 0.019   0.776   0.814 0.015  [0.804 0.768 0.805 0.800 0.796]    0.465     0.238   -1.398     0.100  -0.012      0.019    -0.030     0.007     -1.427         2.353       -3.780        0.926
           mles2_embeddings               0.826 0.008   0.818   0.833 0.006  [0.828 0.816 0.833 0.827 0.825]    2.850     0.833    3.586     0.996   0.019      0.012     0.007     0.032      2.397         1.541        0.856        3.938
           mles_embeddings                0.822 0.013   0.809   0.834 0.010  [0.832 0.805 0.828 0.821 0.823]    1.011     0.504    2.333     0.976   0.015      0.015     0.000     0.030      1.892         1.870        0.022        3.762
           nsp_embeddings                 0.815 0.015   0.800   0.830 0.012  [0.831 0.804 0.823 0.803 0.813]    0.735     0.386    1.175     0.863   0.008      0.016    -0.008     0.025      1.038         2.037       -0.999        3.075
           random_encoder                 0.755 0.017   0.738   0.771 0.013  [0.751 0.739 0.774 0.747 0.762]    0.594     0.313   -6.808     0.000  -0.052      0.018    -0.069    -0.034     -6.411         2.172       -8.583       -4.240
           rtd_embeddings                 0.792 0.020   0.772   0.812 0.016  [0.800 0.772 0.814 0.787 0.786]    0.417     0.209   -1.721     0.062  -0.015      0.020    -0.034     0.005     -1.824         2.445       -4.269        0.621
           sop_embeddings                 0.791 0.015   0.776   0.806 0.012  [0.805 0.774 0.801 0.789 0.786]    0.726     0.382   -2.182     0.030  -0.016      0.016    -0.032     0.001     -1.935         2.044       -3.979        0.110
split_name                         scores_test                                                                                                                                                                                             
                                          mean  t_pm t_int_l t_int_h   std                           values t_f_stat t_f_alpha t_t_stat t_t_alpha t_delta t_delta_pm t_delta_l t_delta_h t_delta_pp t_delta_pm_pp t_delta_l_pp t_delta_h_pp
model_name feature_name                                                                                                                                                                                                                    
lgbm       barlow_twins_embeddings       0.839 0.004   0.835   0.843 0.003  [0.838 0.840 0.842 0.839 0.834]    1.950     0.733    4.976     0.999   0.012      0.005     0.006     0.017      1.412         0.654        0.758        2.066
           baseline                      0.827 0.005   0.822   0.832 0.004  [0.821 0.830 0.828 0.824 0.831]    1.000     0.500    0.000     0.500   0.000      0.006    -0.006     0.006      0.000         0.752       -0.752        0.752
           cpc_embeddings                0.792 0.003   0.789   0.795 0.002  [0.793 0.794 0.792 0.793 0.788]    3.548     0.876  -16.328     0.000  -0.035      0.005    -0.040    -0.030     -4.264         0.602       -4.866       -3.662
           mles2_embeddings              0.837 0.007   0.830   0.844 0.006  [0.840 0.842 0.837 0.828 0.840]    0.589     0.310    3.277     0.994   0.010      0.007     0.003     0.017      1.242         0.874        0.368        2.116
           mles_embeddings               0.841 0.005   0.836   0.845 0.004  [0.838 0.835 0.842 0.843 0.844]    1.197     0.567    5.248     1.000   0.014      0.006     0.008     0.020      1.640         0.721        0.919        2.361
           nsp_embeddings                0.828 0.007   0.821   0.835 0.006  [0.822 0.824 0.833 0.834 0.824]    0.572     0.301    0.196     0.575   0.001      0.007    -0.007     0.008      0.075         0.882       -0.807        0.957
           random_encoder                0.725 0.011   0.713   0.736 0.009  [0.726 0.738 0.722 0.724 0.713]    0.217     0.084  -22.684     0.000  -0.102      0.010    -0.113    -0.092    -12.388         1.259      -13.647      -11.128
           rtd_embeddings                0.771 0.003   0.768   0.775 0.003  [0.775 0.773 0.769 0.772 0.768]    2.377     0.789  -24.497     0.000  -0.056      0.005    -0.061    -0.050     -6.735         0.634       -7.369       -6.101
           sop_embeddings                0.780 0.004   0.775   0.784 0.003  [0.785 0.780 0.776 0.780 0.777]    1.544     0.658  -19.345     0.000  -0.047      0.006    -0.053    -0.042     -5.728         0.683       -6.411       -5.045

------------------------------------------------------------------------------------------------------------------------
Metric: "accuracy"
split_name                         scores_valid                                                                                                                                                                                             
                                           mean  t_pm t_int_l t_int_h   std                           values t_f_stat t_f_alpha t_t_stat t_t_alpha t_delta t_delta_pm t_delta_l t_delta_h t_delta_pp t_delta_pm_pp t_delta_l_pp t_delta_h_pp
model_name feature_name                                                                                                                                                                                                                     
lgbm       barlow_twins_embeddings        0.740 0.012   0.728   0.752 0.010  [0.747 0.723 0.741 0.747 0.743]    3.081     0.849    0.607     0.720   0.005      0.020    -0.015     0.026      0.726         2.759       -2.033        3.484
           baseline                       0.735 0.021   0.714   0.756 0.017  [0.757 0.714 0.746 0.736 0.722]    1.000     0.500    0.000     0.500   0.000      0.025    -0.025     0.025      0.000         3.390       -3.390        3.390
           cpc_embeddings                 0.720 0.016   0.704   0.736 0.013  [0.728 0.698 0.729 0.723 0.724]    1.759     0.701   -1.510     0.085  -0.014      0.022    -0.037     0.008     -1.966         3.002       -4.967        1.036
           mles2_embeddings               0.752 0.010   0.742   0.763 0.008  [0.758 0.738 0.757 0.757 0.753]    4.168     0.902    2.064     0.964   0.018      0.020    -0.002     0.037      2.389         2.669       -0.280        5.058
           mles_embeddings                0.744 0.015   0.729   0.759 0.012  [0.758 0.729 0.754 0.742 0.738]    2.051     0.748    1.002     0.827   0.009      0.021    -0.012     0.031      1.270         2.923       -1.653        4.193
           nsp_embeddings                 0.739 0.013   0.726   0.752 0.011  [0.750 0.732 0.749 0.726 0.740]    2.617     0.813    0.495     0.683   0.004      0.021    -0.016     0.025      0.605         2.818       -2.213        3.423
           random_encoder                 0.682 0.018   0.664   0.700 0.015  [0.687 0.666 0.704 0.677 0.678]    1.386     0.620   -5.255     0.000  -0.053      0.023    -0.076    -0.030     -7.167         3.145      -10.311       -4.022
           rtd_embeddings                 0.725 0.023   0.702   0.747 0.018  [0.736 0.706 0.749 0.726 0.709]    0.884     0.454   -0.897     0.198  -0.010      0.026    -0.036     0.016     -1.361         3.499       -4.860        2.138
           sop_embeddings                 0.714 0.021   0.692   0.735 0.017  [0.737 0.691 0.723 0.712 0.706]    0.973     0.490   -1.941     0.044  -0.021      0.025    -0.046     0.004     -2.873         3.413       -6.286        0.540
split_name                         scores_test                                                                                                                                                                                             
                                          mean  t_pm t_int_l t_int_h   std                           values t_f_stat t_f_alpha t_t_stat t_t_alpha t_delta t_delta_pm t_delta_l t_delta_h t_delta_pp t_delta_pm_pp t_delta_l_pp t_delta_h_pp
model_name feature_name                                                                                                                                                                                                                    
lgbm       barlow_twins_embeddings       0.760 0.011   0.749   0.772 0.009  [0.754 0.756 0.760 0.776 0.756]    0.109     0.027    2.551     0.983   0.011      0.010     0.001     0.021      1.441         1.302        0.139        2.743
           baseline                      0.750 0.004   0.746   0.753 0.003  [0.750 0.750 0.754 0.746 0.748]    1.000     0.500    0.000     0.500   0.000      0.004    -0.004     0.004      0.000         0.577       -0.577        0.577
           cpc_embeddings                0.719 0.015   0.704   0.734 0.012  [0.716 0.730 0.734 0.710 0.706]    0.058     0.009   -5.374     0.000  -0.030      0.013    -0.043    -0.017     -4.055         1.740       -5.796       -2.315
           mles2_embeddings              0.762 0.007   0.755   0.769 0.006  [0.764 0.766 0.762 0.752 0.766]    0.259     0.109    4.238     0.999   0.012      0.007     0.006     0.019      1.654         0.900        0.754        2.554
           mles_embeddings               0.766 0.016   0.750   0.782 0.013  [0.760 0.750 0.762 0.774 0.784]    0.051     0.007    2.712     0.987   0.016      0.014     0.002     0.030      2.188         1.860        0.328        4.048
           nsp_embeddings                0.757 0.017   0.740   0.775 0.014  [0.750 0.752 0.754 0.782 0.748]    0.045     0.005    1.184     0.865   0.008      0.015    -0.007     0.022      1.014         1.975       -0.961        2.988
           random_encoder                0.660 0.015   0.645   0.675 0.012  [0.662 0.672 0.670 0.648 0.646]    0.060     0.009  -16.133     0.000  -0.090      0.013    -0.103    -0.077    -12.006         1.716      -13.723      -10.290
           rtd_embeddings                0.710 0.017   0.693   0.727 0.014  [0.718 0.692 0.700 0.724 0.718]    0.047     0.006   -6.267     0.000  -0.039      0.014    -0.054    -0.025     -5.229         1.924       -7.154       -3.305
           sop_embeddings                0.716 0.008   0.708   0.724 0.007  [0.718 0.720 0.724 0.710 0.708]    0.191     0.069  -10.149     0.000  -0.034      0.008    -0.041    -0.026     -4.482         1.018       -5.501       -3.464

------------------------------------------------------------------------------------------------------------------------
End of report.     Current time: 2022-07-14 08:50:32
------------------------------------------------------------------------------------------------------------------------
