------------------------------------------------------------------------------------------------------------------------
Vector testing report
Params:
    conf: "conf/embeddings_validation_baselines_supervised.yaml"

Collected 6 files with 0 errors

------------------------------------------------------------------------------------------------------------------------
Metric: "auroc"
split_name                         scores_valid                                                                                                                                                                                             
                                           mean  t_pm t_int_l t_int_h   std                           values t_f_stat t_f_alpha t_t_stat t_t_alpha t_delta t_delta_pm t_delta_l t_delta_h t_delta_pp t_delta_pm_pp t_delta_l_pp t_delta_h_pp
model_name feature_name                                                                                                                                                                                                                     
nn         barlow_twins_finetuning        0.785 0.007   0.778   0.792 0.006  [0.786 0.780 0.794 0.784 0.780]    0.814     0.424   19.104     1.000   0.067      0.008     0.059     0.075      9.355         1.129        8.226       10.485
           cpc_finetuning                 0.743 0.021   0.722   0.763 0.017  [0.760 0.741 0.759 0.732 0.723]    0.101     0.024    3.261     0.994   0.025      0.018     0.007     0.043      3.528         2.495        1.033        6.023
           mles_finetuning                0.778 0.013   0.765   0.792 0.011  [0.782 0.767 0.794 0.770 0.780]    0.236     0.095   11.271     1.000   0.061      0.012     0.048     0.073      8.468         1.732        6.735       10.200
           nsp_finetuning                 0.783 0.012   0.771   0.795 0.010  [0.795 0.772 0.790 0.775 0.783]    0.279     0.122   12.960     1.000   0.065      0.012     0.054     0.077      9.102         1.620        7.483       10.722
           rtd_finetuning                 0.769 0.019   0.750   0.788 0.016  [0.776 0.747 0.789 0.763 0.771]    0.115     0.030    7.047     1.000   0.052      0.017     0.035     0.068      7.191         2.353        4.838        9.544
           target_scores                  0.718 0.007   0.711   0.724 0.005  [0.717 0.713 0.715 0.727 0.717]    1.000     0.500    0.000     0.500   0.000      0.008    -0.008     0.008      0.000         1.070       -1.070        1.070
split_name                         scores_test                                                                                                                                                                                             
                                          mean  t_pm t_int_l t_int_h   std                           values t_f_stat t_f_alpha t_t_stat t_t_alpha t_delta t_delta_pm t_delta_l t_delta_h t_delta_pp t_delta_pm_pp t_delta_l_pp t_delta_h_pp
model_name feature_name                                                                                                                                                                                                                    
nn         barlow_twins_finetuning       0.830 0.006   0.824   0.836 0.005  [0.825 0.835 0.834 0.826 0.829]    3.559     0.877    2.556     0.983   0.011      0.010     0.001     0.022      1.393         1.257        0.136        2.650
           cpc_finetuning                0.804 0.010   0.794   0.814 0.008  [0.791 0.804 0.807 0.813 0.804]    1.158     0.555   -2.703     0.013  -0.015      0.012    -0.027    -0.002     -1.777         1.516       -3.294       -0.261
           mles_finetuning               0.819 0.008   0.811   0.827 0.006  [0.811 0.824 0.827 0.815 0.817]    1.914     0.728    0.086     0.533   0.000      0.011    -0.011     0.012      0.051         1.370       -1.319        1.422
           nsp_finetuning                0.806 0.008   0.799   0.814 0.006  [0.807 0.810 0.805 0.797 0.814]    1.967     0.736   -2.462     0.020  -0.012      0.011    -0.023    -0.001     -1.457         1.364       -2.821       -0.092
           rtd_finetuning                0.791 0.004   0.787   0.796 0.004  [0.790 0.798 0.790 0.790 0.789]    6.098     0.946   -6.355     0.000  -0.027      0.010    -0.037    -0.017     -3.302         1.198       -4.501       -2.104
           target_scores                 0.818 0.011   0.807   0.829 0.009  [0.806 0.824 0.812 0.826 0.823]    1.000     0.500    0.000     0.500   0.000      0.013    -0.013     0.013      0.000         1.571       -1.571        1.571

------------------------------------------------------------------------------------------------------------------------
End of report.     Current time: 2022-07-14 09:03:39
------------------------------------------------------------------------------------------------------------------------
