------------------------------------------------------------------------------------------------------------------------
Vector testing report
Params:

Collected 15 files with 0 errors

------------------------------------------------------------------------------------------------------------------------
Metric: "auroc"
split_name                                 scores_valid                                                                                                                                                                                             
                                           mean  t_pm t_int_l t_int_h   std                           values t_f_stat t_f_alpha t_t_stat t_t_alpha t_delta t_delta_pm t_delta_l t_delta_h t_delta_pp t_delta_pm_pp t_delta_l_pp t_delta_h_pp
model_name feature_name                                                                                                                                                                                                             
lgbm       baseline                        0.806 0.013   0.793   0.819 0.010  [0.819 0.792 0.812 0.807 0.800]    1.000     0.500    0.000     0.500   0.000      0.015    -0.015     0.015      0.000         1.898       -1.898        1.898
           emb_loss_softmax_temp_0.1       0.821 0.011   0.811   0.832 0.009  [0.831 0.809 0.829 0.820 0.819]    1.479     0.643    2.525     0.982   0.015      0.014     0.001     0.029      1.902         1.737        0.165        3.639
           emb_loss_softmax_temp_0.01      0.819 0.013   0.807   0.832 0.010  [0.831 0.805 0.825 0.813 0.821]    1.082     0.530    2.001     0.960   0.013      0.015    -0.002     0.028      1.615         1.861       -0.246        3.476
           emb_loss_softmax_temp_0.05      0.820 0.010   0.810   0.830 0.008  [0.827 0.808 0.820 0.818 0.828]    1.721     0.694    2.403     0.978   0.014      0.014     0.001     0.028      1.758         1.687        0.071        3.445
           emb_loss_softmax_temp_0.07      0.820 0.013   0.807   0.833 0.010  [0.827 0.802 0.824 0.821 0.825]    1.001     0.500    2.076     0.964   0.014      0.015    -0.002     0.029      1.708         1.897       -0.189        3.605
           random_encoder                  0.755 0.019   0.736   0.773 0.015  [0.756 0.736 0.776 0.747 0.760]    0.490     0.253   -6.256     0.000  -0.051      0.019    -0.070    -0.032     -6.350         2.341       -8.690       -4.009
split_name                                 scores_test                                                                                                                                                                                             
                                           mean  t_pm t_int_l t_int_h   std                           values t_f_stat t_f_alpha t_t_stat t_t_alpha t_delta t_delta_pm t_delta_l t_delta_h t_delta_pp t_delta_pm_pp t_delta_l_pp t_delta_h_pp
model_name feature_name                                                                                                                                                                                                              
lgbm       baseline                        0.828 0.005   0.822   0.833 0.004  [0.822 0.834 0.827 0.827 0.828]    1.000     0.500    0.000     0.500   0.000      0.006    -0.006     0.006      0.000         0.764       -0.764        0.764
           emb_loss_softmax_temp_0.1       0.841 0.003   0.839   0.844 0.002  [0.839 0.840 0.843 0.845 0.840]    3.723     0.885    6.313     1.000   0.014      0.005     0.009     0.019      1.666         0.608        1.057        2.274
           emb_loss_softmax_temp_0.01      0.843 0.005   0.838   0.848 0.004  [0.839 0.846 0.842 0.849 0.839]    1.061     0.522    5.747     1.000   0.016      0.006     0.009     0.022      1.877         0.753        1.124        2.629
           emb_loss_softmax_temp_0.05      0.844 0.003   0.840   0.847 0.003  [0.842 0.848 0.841 0.846 0.843]    2.402     0.792    7.045     1.000   0.016      0.005     0.011     0.022      1.964         0.643        1.321        2.607
           emb_loss_softmax_temp_0.07      0.840 0.005   0.835   0.845 0.004  [0.845 0.842 0.836 0.837 0.839]    1.273     0.590    4.723     0.999   0.012      0.006     0.006     0.018      1.478         0.722        0.757        2.200
           random_encoder                  0.719 0.008   0.710   0.727 0.007  [0.723 0.725 0.713 0.721 0.710]    0.431     0.218  -30.883     0.000  -0.109      0.008    -0.117    -0.101    -13.180         0.984      -14.164      -12.196

------------------------------------------------------------------------------------------------------------------------
Metric: "accuracy"
split_name                                 scores_valid                                                                                                                                                                                             
                                           mean  t_pm t_int_l t_int_h   std                           values t_f_stat t_f_alpha t_t_stat t_t_alpha t_delta t_delta_pm t_delta_l t_delta_h t_delta_pp t_delta_pm_pp t_delta_l_pp t_delta_h_pp
model_name feature_name                                                                                                                                                                                                             
lgbm       baseline                        0.731 0.020   0.711   0.751 0.016  [0.753 0.713 0.742 0.726 0.722]    1.000     0.500    0.000     0.500   0.000      0.024    -0.024     0.024      0.000         3.220       -3.220        3.220
           emb_loss_softmax_temp_0.1       0.744 0.015   0.729   0.759 0.012  [0.763 0.737 0.734 0.749 0.738]    1.794     0.707    1.430     0.905   0.013      0.021    -0.008     0.034      1.762         2.842       -1.079        4.604
           emb_loss_softmax_temp_0.01      0.737 0.014   0.723   0.751 0.011  [0.757 0.734 0.729 0.734 0.731]    2.085     0.753    0.658     0.735   0.006      0.020    -0.014     0.026      0.790         2.770       -1.980        3.560
           emb_loss_softmax_temp_0.05      0.741 0.015   0.726   0.756 0.012  [0.744 0.736 0.733 0.731 0.760]    1.866     0.720    1.068     0.842   0.010      0.021    -0.011     0.030      1.307         2.822       -1.515        4.129
           emb_loss_softmax_temp_0.07      0.746 0.016   0.729   0.762 0.013  [0.757 0.723 0.746 0.751 0.752]    1.506     0.649    1.551     0.920   0.014      0.021    -0.007     0.036      1.975         2.937       -0.962        4.912
           random_encoder                  0.681 0.021   0.661   0.702 0.017  [0.691 0.663 0.704 0.676 0.671]    0.956     0.483   -4.862     0.001  -0.050      0.024    -0.074    -0.026     -6.867         3.257      -10.125       -3.610
split_name                                 scores_test                                                                                                                                                                                             
                                           mean  t_pm t_int_l t_int_h   std                           values t_f_stat t_f_alpha t_t_stat t_t_alpha t_delta t_delta_pm t_delta_l t_delta_h t_delta_pp t_delta_pm_pp t_delta_l_pp t_delta_h_pp
model_name feature_name                                                                                                                                                                                                            
lgbm       baseline                        0.753 0.006   0.747   0.759 0.005  [0.746 0.756 0.752 0.754 0.758]    1.000     0.500    0.000     0.500   0.000      0.007    -0.007     0.007      0.000         0.892       -0.892        0.892
           emb_loss_softmax_temp_0.1       0.758 0.014   0.744   0.772 0.011  [0.756 0.740 0.758 0.764 0.770]    0.167     0.056    0.809     0.779   0.004      0.013    -0.008     0.017      0.584         1.666       -1.082        2.250
           emb_loss_softmax_temp_0.01      0.759 0.013   0.746   0.772 0.010  [0.758 0.760 0.742 0.766 0.768]    0.202     0.075    1.114     0.851   0.006      0.012    -0.006     0.017      0.743         1.539       -0.796        2.283
           emb_loss_softmax_temp_0.05      0.763 0.005   0.758   0.768 0.004  [0.768 0.766 0.760 0.762 0.758]    1.233     0.578    3.464     0.996   0.010      0.006     0.003     0.016      1.275         0.848        0.426        2.123
           emb_loss_softmax_temp_0.07      0.765 0.007   0.758   0.772 0.006  [0.774 0.764 0.764 0.758 0.766]    0.639     0.337    3.638     0.997   0.012      0.008     0.004     0.020      1.593         1.010        0.583        2.603
           random_encoder                  0.656 0.009   0.647   0.665 0.007  [0.656 0.650 0.660 0.666 0.648]    0.393     0.194  -25.064     0.000  -0.097      0.009    -0.106    -0.088    -12.905         1.187      -14.092      -11.718

------------------------------------------------------------------------------------------------------------------------
End of report.     Current time: 2022-11-20 12:08:17
------------------------------------------------------------------------------------------------------------------------
