------------------------------------------------------------------------------------------------------------------------
Vector testing report
Params:

Collected 15 files with 0 errors

------------------------------------------------------------------------------------------------------------------------
Metric: "auroc"
split_name                                 scores_valid                                                                                                                                                                                             
                                           mean  t_pm t_int_l t_int_h   std                           values t_f_stat t_f_alpha t_t_stat t_t_alpha t_delta t_delta_pm t_delta_l t_delta_h t_delta_pp t_delta_pm_pp t_delta_l_pp t_delta_h_pp
model_name feature_name                                                                                                                                                                                                             
lgbm       baseline                        0.806 0.013   0.793   0.819 0.010  [0.819 0.792 0.812 0.807 0.800]    1.000     0.500    0.000     0.500   0.000      0.015    -0.015     0.015      0.000         1.898       -1.898        1.898
           emb_loss_softmax_temp_1.0       0.802 0.014   0.788   0.816 0.011  [0.818 0.786 0.802 0.801 0.801]    0.868     0.447   -0.632     0.272  -0.004      0.016    -0.020     0.012     -0.539         1.968       -2.508        1.429
           emb_loss_softmax_temp_0.1       0.819 0.014   0.805   0.834 0.012  [0.834 0.806 0.828 0.816 0.813]    0.811     0.422    1.912     0.954   0.013      0.016    -0.003     0.030      1.662         2.005       -0.343        3.668
           emb_loss_softmax_temp_0.07      0.818 0.013   0.804   0.831 0.011  [0.827 0.800 0.825 0.817 0.819]    0.976     0.491    1.740     0.940   0.012      0.015    -0.004     0.027      1.440         1.909       -0.469        3.350
           emb_loss_softmax_temp_0.05      0.818 0.009   0.809   0.826 0.007  [0.825 0.807 0.822 0.818 0.817]    2.308     0.781    2.083     0.965   0.012      0.013    -0.001     0.025      1.451         1.606       -0.155        3.058
           random_encoder                  0.755 0.019   0.736   0.773 0.015  [0.756 0.736 0.776 0.747 0.760]    0.490     0.253   -6.256     0.000  -0.051      0.019    -0.070    -0.032     -6.350         2.341       -8.690       -4.009
split_name                                 scores_test                                                                                                                                                                                             
                                           mean  t_pm t_int_l t_int_h   std                           values t_f_stat t_f_alpha t_t_stat t_t_alpha t_delta t_delta_pm t_delta_l t_delta_h t_delta_pp t_delta_pm_pp t_delta_l_pp t_delta_h_pp
model_name feature_name                                                                                                                                                                                                            
lgbm       baseline                        0.828 0.005   0.822   0.833 0.004  [0.822 0.834 0.827 0.827 0.828]    1.000     0.500    0.000     0.500   0.000      0.006    -0.006     0.006      0.000         0.764       -0.764        0.764
           emb_loss_softmax_temp_1.0       0.806 0.007   0.799   0.813 0.006  [0.806 0.812 0.801 0.811 0.799]    0.573     0.301   -6.868     0.000  -0.022      0.007    -0.029    -0.015     -2.666         0.895       -3.561       -1.771
           emb_loss_softmax_temp_0.1       0.824 0.004   0.819   0.828 0.004  [0.828 0.823 0.823 0.818 0.825]    1.448     0.636   -1.631     0.071  -0.004      0.006    -0.010     0.002     -0.497         0.702       -1.199        0.206
           emb_loss_softmax_temp_0.07      0.834 0.004   0.831   0.838 0.003  [0.832 0.833 0.833 0.839 0.833]    2.235     0.772    2.772     0.988   0.006      0.005     0.001     0.012      0.781         0.650        0.131        1.431
           emb_loss_softmax_temp_0.05      0.842 0.004   0.838   0.845 0.003  [0.843 0.841 0.840 0.846 0.837]    1.842     0.716    5.746     1.000   0.014      0.006     0.008     0.019      1.672         0.671        1.001        2.343
           random_encoder                  0.719 0.008   0.710   0.727 0.007  [0.723 0.725 0.713 0.721 0.710]    0.431     0.218  -30.883     0.000  -0.109      0.008    -0.117    -0.101    -13.180         0.984      -14.164      -12.196

------------------------------------------------------------------------------------------------------------------------
Metric: "accuracy"
split_name                                 scores_valid                                                                                                                                                                                             
                                           mean  t_pm t_int_l t_int_h   std                           values t_f_stat t_f_alpha t_t_stat t_t_alpha t_delta t_delta_pm t_delta_l t_delta_h t_delta_pp t_delta_pm_pp t_delta_l_pp t_delta_h_pp
model_name feature_name                                                                                                                                                                                                             
lgbm       baseline                        0.731 0.020   0.711   0.751 0.016  [0.753 0.713 0.742 0.726 0.722]    1.000     0.500    0.000     0.500   0.000      0.024    -0.024     0.024      0.000         3.220       -3.220        3.220
           emb_loss_softmax_temp_1.0       0.734 0.010   0.724   0.743 0.008  [0.739 0.721 0.733 0.741 0.733]    4.337     0.908    0.277     0.606   0.002      0.018    -0.016     0.021      0.304         2.526       -2.222        2.830
           emb_loss_softmax_temp_0.1       0.744 0.012   0.732   0.756 0.010  [0.754 0.738 0.751 0.746 0.731]    2.843     0.832    1.509     0.915   0.013      0.019    -0.007     0.032      1.732         2.647       -0.915        4.379
           emb_loss_softmax_temp_0.07      0.741 0.010   0.731   0.751 0.008  [0.747 0.728 0.746 0.740 0.744]    4.337     0.908    1.193     0.866   0.010      0.018    -0.009     0.028      1.307         2.526       -1.219        3.833
           emb_loss_softmax_temp_0.05      0.741 0.013   0.728   0.754 0.011  [0.754 0.727 0.737 0.748 0.740]    2.308     0.781    1.131     0.855   0.010      0.020    -0.010     0.030      1.337         2.726       -1.389        4.063
           random_encoder                  0.681 0.021   0.661   0.702 0.017  [0.691 0.663 0.704 0.676 0.671]    0.956     0.483   -4.862     0.001  -0.050      0.024    -0.074    -0.026     -6.867         3.257      -10.125       -3.610
split_name                                 scores_test                                                                                                                                                                                             
                                           mean  t_pm t_int_l t_int_h   std                           values t_f_stat t_f_alpha t_t_stat t_t_alpha t_delta t_delta_pm t_delta_l t_delta_h t_delta_pp t_delta_pm_pp t_delta_l_pp t_delta_h_pp
model_name feature_name                                                                                                                                                                                                            
lgbm       baseline                        0.753 0.006   0.747   0.759 0.005  [0.746 0.756 0.752 0.754 0.758]    1.000     0.500    0.000     0.500   0.000      0.007    -0.007     0.007      0.000         0.892       -0.892        0.892
           emb_loss_softmax_temp_1.0       0.746 0.016   0.730   0.761 0.013  [0.752 0.738 0.760 0.750 0.728]    0.134     0.038   -1.267     0.120  -0.008      0.014    -0.021     0.006     -1.009         1.837       -2.846        0.828
           emb_loss_softmax_temp_0.1       0.743 0.012   0.731   0.755 0.010  [0.758 0.738 0.738 0.746 0.734]    0.232     0.093   -2.193     0.030  -0.010      0.011    -0.021     0.001     -1.381         1.452       -2.832        0.071
           emb_loss_softmax_temp_0.07      0.766 0.009   0.757   0.775 0.007  [0.762 0.768 0.778 0.760 0.762]    0.393     0.194    3.301     0.995   0.013      0.009     0.004     0.022      1.699         1.187        0.512        2.887
           emb_loss_softmax_temp_0.05      0.755 0.013   0.742   0.768 0.010  [0.750 0.754 0.756 0.772 0.744]    0.194     0.071    0.392     0.647   0.002      0.012    -0.010     0.014      0.266         1.564       -1.298        1.829
           random_encoder                  0.656 0.009   0.647   0.665 0.007  [0.656 0.650 0.660 0.666 0.648]    0.393     0.194  -25.064     0.000  -0.097      0.009    -0.106    -0.088    -12.905         1.187      -14.092      -11.718

------------------------------------------------------------------------------------------------------------------------
End of report.     Current time: 2022-11-20 13:09:19
------------------------------------------------------------------------------------------------------------------------
