------------------------------------------------------------------------------------------------------------------------
Vector testing report
Params:
    conf: "conf/embeddings_validation_baselines_unsupervised.yaml"

Collected 45 files with 0 errors

------------------------------------------------------------------------------------------------------------------------
Metric: "accuracy"
split_name                         scores_valid                                                                                                                                                                                             
                                           mean  t_pm t_int_l t_int_h   std                           values t_f_stat t_f_alpha t_t_stat t_t_alpha t_delta t_delta_pm t_delta_l t_delta_h t_delta_pp t_delta_pm_pp t_delta_l_pp t_delta_h_pp
model_name feature_name                                                                                                                                                                                                                     
lgbm       barlow_twins_embeddings        0.601 0.006   0.594   0.607 0.005  [0.593 0.601 0.599 0.606 0.604]    0.487     0.251    0.974     0.821   0.003      0.007    -0.004     0.009      0.462         1.095       -0.632        1.557
           baseline                       0.598 0.005   0.593   0.602 0.004  [0.594 0.596 0.598 0.598 0.604]    1.000     0.500    0.000     0.500   0.000      0.005    -0.005     0.005      0.000         0.886       -0.886        0.886
           cpc_embeddings                 0.588 0.005   0.583   0.594 0.004  [0.585 0.587 0.586 0.588 0.596]    0.738     0.388   -3.756     0.003  -0.009      0.006    -0.015    -0.004     -1.565         0.961       -2.527       -0.604
           mles2_embeddings               0.596 0.010   0.586   0.606 0.008  [0.587 0.598 0.600 0.607 0.590]    0.205     0.077   -0.399     0.350  -0.002      0.009    -0.011     0.008     -0.263         1.519       -1.782        1.256
           mles_embeddings                0.603 0.001   0.602   0.605 0.001  [0.604 0.604 0.602 0.603 0.603]   16.127     0.990    3.341     0.995   0.006      0.004     0.002     0.009      0.935         0.645        0.290        1.580
           nsp_embeddings                 0.588 0.003   0.585   0.591 0.002  [0.590 0.589 0.584 0.588 0.590]    2.188     0.767   -5.032     0.001  -0.010      0.005    -0.014    -0.005     -1.650         0.756       -2.405       -0.894
           random_encoder                 0.576 0.005   0.571   0.581 0.004  [0.577 0.571 0.577 0.574 0.582]    0.823     0.427   -8.994     0.000  -0.022      0.006    -0.027    -0.016     -3.635         0.932       -4.567       -2.703
           rtd_embeddings                 0.577 0.005   0.571   0.582 0.004  [0.578 0.572 0.573 0.577 0.583]    0.672     0.355   -8.242     0.000  -0.021      0.006    -0.027    -0.015     -3.530         0.988       -4.518       -2.543
           sop_embeddings                 0.581 0.006   0.575   0.587 0.005  [0.587 0.579 0.575 0.581 0.584]    0.628     0.332   -6.368     0.000  -0.017      0.006    -0.023    -0.011     -2.784         1.008       -3.792       -1.776
split_name                         scores_test                                                                                                                                                                                             
                                          mean  t_pm t_int_l t_int_h   std                           values t_f_stat t_f_alpha t_t_stat t_t_alpha t_delta t_delta_pm t_delta_l t_delta_h t_delta_pp t_delta_pm_pp t_delta_l_pp t_delta_h_pp
model_name feature_name                                                                                                                                                                                                                    
lgbm       barlow_twins_embeddings       0.595 0.008   0.588   0.603 0.006  [0.590 0.598 0.596 0.604 0.589]    0.091     0.020    1.297     0.885   0.004      0.007    -0.003     0.010      0.631         1.121       -0.491        1.752
           baseline                      0.592 0.002   0.589   0.594 0.002  [0.595 0.592 0.591 0.590 0.590]    1.000     0.500    0.000     0.500   0.000      0.003    -0.003     0.003      0.000         0.458       -0.458        0.458
           cpc_embeddings                0.593 0.005   0.588   0.597 0.004  [0.590 0.596 0.595 0.595 0.587]    0.236     0.096    0.476     0.677   0.001      0.004    -0.003     0.005      0.153         0.741       -0.588        0.894
           mles2_embeddings              0.588 0.002   0.586   0.589 0.001  [0.586 0.587 0.587 0.590 0.588]    2.038     0.746   -4.012     0.002  -0.004      0.002    -0.006    -0.002     -0.688         0.395       -1.083       -0.293
           mles_embeddings               0.597 0.007   0.590   0.604 0.006  [0.598 0.599 0.603 0.598 0.587]    0.103     0.024    1.910     0.954   0.005      0.006    -0.001     0.011      0.879         1.061       -0.182        1.940
           nsp_embeddings                0.579 0.002   0.577   0.581 0.002  [0.581 0.580 0.576 0.579 0.579]    0.956     0.483  -10.559     0.000  -0.013      0.003    -0.015    -0.010     -2.121         0.463       -2.584       -1.658
           random_encoder                0.574 0.004   0.570   0.578 0.003  [0.576 0.574 0.569 0.577 0.575]    0.335     0.158  -10.503     0.000  -0.017      0.004    -0.021    -0.014     -2.943         0.646       -3.589       -2.297
           rtd_embeddings                0.574 0.006   0.569   0.580 0.004  [0.578 0.574 0.570 0.580 0.570]    0.174     0.059   -7.956     0.000  -0.017      0.005    -0.022    -0.012     -2.905         0.842       -3.747       -2.063
           sop_embeddings                0.567 0.003   0.564   0.570 0.003  [0.565 0.570 0.565 0.570 0.568]    0.532     0.278  -17.241     0.000  -0.024      0.003    -0.028    -0.021     -4.109         0.550       -4.658       -3.559

------------------------------------------------------------------------------------------------------------------------
End of report.     Current time: 2022-07-14 12:41:09
------------------------------------------------------------------------------------------------------------------------
