------------------------------------------------------------------------------------------------------------------------
Vector testing report
Params:
    conf: "conf/embeddings_validation_baselines_supervised.yaml"

Collected 5 files with 0 errors

------------------------------------------------------------------------------------------------------------------------
Metric: "accuracy"
split_name                         scores_valid                                                                                                                                                                                             
                                           mean  t_pm t_int_l t_int_h   std                           values t_f_stat t_f_alpha t_t_stat t_t_alpha t_delta t_delta_pm t_delta_l t_delta_h t_delta_pp t_delta_pm_pp t_delta_l_pp t_delta_h_pp
model_name feature_name                                                                                                                                                                                                                     
nn         barlow_twins_finetuning        0.567 0.008   0.559   0.576 0.007  [0.570 0.556 0.567 0.574 0.569]    0.076     0.014   -8.990     0.000  -0.028      0.007    -0.036    -0.021     -4.749         1.218       -5.968       -3.531
           cpc_finetuning                 0.593 0.003   0.590   0.595 0.002  [0.592 0.591 0.596 0.592 0.593]    0.794     0.414   -2.208     0.029  -0.003      0.003    -0.006     0.000     -0.465         0.486       -0.951        0.021
           mles_finetuning                0.581 0.009   0.571   0.590 0.007  [0.587 0.583 0.585 0.580 0.568]    0.062     0.010   -4.308     0.001  -0.015      0.008    -0.023    -0.007     -2.491         1.333       -3.824       -1.158
           rtd_finetuning                 0.570 0.004   0.566   0.574 0.003  [0.570 0.566 0.568 0.573 0.574]    0.313     0.143  -14.793     0.000  -0.025      0.004    -0.029    -0.021     -4.247         0.662       -4.909       -3.585
           target_scores                  0.595 0.002   0.593   0.598 0.002  [0.593 0.598 0.596 0.595 0.596]    1.000     0.500    0.000     0.500   0.000      0.003    -0.003     0.003      0.000         0.457       -0.457        0.457
split_name                         scores_test                                                                                                                                                                                             
                                          mean  t_pm t_int_l t_int_h   std                           values t_f_stat t_f_alpha t_t_stat t_t_alpha t_delta t_delta_pm t_delta_l t_delta_h t_delta_pp t_delta_pm_pp t_delta_l_pp t_delta_h_pp
model_name feature_name                                                                                                                                                                                                                    
nn         barlow_twins_finetuning       0.561 0.003   0.558   0.564 0.002  [0.565 0.560 0.559 0.561 0.559]    7.285     0.960   -8.130     0.000  -0.025      0.007    -0.031    -0.018     -4.191         1.189       -5.380       -3.002
           cpc_finetuning                0.594 0.007   0.588   0.601 0.005  [0.594 0.598 0.593 0.600 0.586]    1.405     0.625    2.382     0.978   0.009      0.009     0.000     0.017      1.506         1.458        0.048        2.965
           mles_finetuning               0.577 0.013   0.565   0.590 0.010  [0.582 0.586 0.585 0.565 0.568]    0.394     0.194   -1.529     0.082  -0.008      0.012    -0.020     0.004     -1.391         2.097       -3.488        0.707
           rtd_finetuning                0.571 0.004   0.567   0.575 0.003  [0.570 0.572 0.569 0.575 0.568]    4.728     0.919   -4.646     0.001  -0.014      0.007    -0.022    -0.007     -2.472         1.227       -3.699       -1.245
           target_scores                 0.585 0.008   0.578   0.593 0.006  [0.583 0.588 0.592 0.588 0.575]    1.000     0.500    0.000     0.500   0.000      0.009    -0.009     0.009      0.000         1.576       -1.576        1.576

------------------------------------------------------------------------------------------------------------------------
End of report.     Current time: 2022-07-14 15:22:34
------------------------------------------------------------------------------------------------------------------------
