------------------------------------------------------------------------------------------------------------------------
Vector testing report
Params:

Collected 150 files with 0 errors

------------------------------------------------------------------------------------------------------------------------
Metric: "auroc"
split_name                      scores_valid                                                                    
                                        mean   t_pm t_int_l t_int_h    std                                values
model_name feature_name                                                                                         
lgbm       barlow_twins_v1__000       0.7661 0.0039  0.7622  0.7701 0.0032  [0.7714 0.7662 0.7657 0.7641 0.7632]
           barlow_twins_v1__001       0.7731 0.0031  0.7700  0.7763 0.0025  [0.7772 0.7738 0.7708 0.7716 0.7724]
           barlow_twins_v1__002       0.7777 0.0027  0.7750  0.7805 0.0022  [0.7813 0.7773 0.7759 0.7781 0.7760]
           barlow_twins_v1__003       0.7789 0.0019  0.7770  0.7808 0.0015  [0.7816 0.7782 0.7779 0.7787 0.7780]
           barlow_twins_v1__004       0.7804 0.0031  0.7773  0.7836 0.0025  [0.7846 0.7804 0.7781 0.7802 0.7790]
           barlow_twins_v1__005       0.7815 0.0028  0.7787  0.7842 0.0022  [0.7853 0.7814 0.7808 0.7799 0.7800]
           barlow_twins_v1__006       0.7818 0.0032  0.7786  0.7850 0.0026  [0.7862 0.7806 0.7813 0.7815 0.7795]
           barlow_twins_v1__007       0.7820 0.0023  0.7797  0.7842 0.0018  [0.7851 0.7809 0.7807 0.7818 0.7814]
           barlow_twins_v1__008       0.7819 0.0031  0.7788  0.7851 0.0025  [0.7862 0.7809 0.7802 0.7823 0.7800]
           barlow_twins_v1__009       0.7817 0.0023  0.7793  0.7840 0.0019  [0.7845 0.7810 0.7808 0.7825 0.7796]
           barlow_twins_v1__010       0.7824 0.0027  0.7798  0.7851 0.0021  [0.7861 0.7820 0.7805 0.7822 0.7814]
           barlow_twins_v1__011       0.7827 0.0022  0.7805  0.7849 0.0018  [0.7855 0.7819 0.7815 0.7834 0.7813]
           barlow_twins_v1__012       0.7825 0.0027  0.7798  0.7852 0.0022  [0.7860 0.7819 0.7804 0.7831 0.7812]
           barlow_twins_v1__013       0.7822 0.0026  0.7796  0.7848 0.0021  [0.7858 0.7816 0.7806 0.7823 0.7807]
           barlow_twins_v1__014       0.7827 0.0022  0.7806  0.7849 0.0017  [0.7855 0.7823 0.7825 0.7828 0.7807]
           barlow_twins_v1__015       0.7822 0.0020  0.7802  0.7842 0.0016  [0.7850 0.7818 0.7811 0.7822 0.7811]
           barlow_twins_v1__016       0.7826 0.0020  0.7805  0.7846 0.0017  [0.7851 0.7819 0.7808 0.7831 0.7818]
           barlow_twins_v1__017 **    0.7832 0.0022  0.7811  0.7854 0.0017  [0.7860 0.7824 0.7816 0.7838 0.7823]
           barlow_twins_v1__018       0.7823 0.0021  0.7802  0.7845 0.0017  [0.7850 0.7815 0.7809 0.7831 0.7811]
           barlow_twins_v1__019       0.7829 0.0022  0.7806  0.7851 0.0018  [0.7857 0.7820 0.7819 0.7834 0.7812]
           barlow_twins_v1__020       0.7829 0.0025  0.7804  0.7854 0.0020  [0.7860 0.7819 0.7810 0.7838 0.7819]
           barlow_twins_v1__021       0.7826 0.0023  0.7803  0.7848 0.0018  [0.7856 0.7823 0.7812 0.7826 0.7811]
           barlow_twins_v1__022       0.7825 0.0024  0.7801  0.7849 0.0019  [0.7859 0.7821 0.7820 0.7819 0.7808]
           barlow_twins_v1__023       0.7831 0.0023  0.7808  0.7854 0.0018  [0.7862 0.7823 0.7818 0.7833 0.7820]
           barlow_twins_v1__024       0.7829 0.0025  0.7805  0.7854 0.0020  [0.7861 0.7821 0.7814 0.7837 0.7814]
           barlow_twins_v1__025       0.7824 0.0023  0.7801  0.7848 0.0019  [0.7856 0.7818 0.7810 0.7826 0.7813]
           barlow_twins_v1__026       0.7831 0.0026  0.7806  0.7857 0.0021  [0.7863 0.7820 0.7813 0.7840 0.7821]
           barlow_twins_v1__027       0.7828 0.0021  0.7807  0.7849 0.0017  [0.7855 0.7817 0.7815 0.7833 0.7818]
           barlow_twins_v1__028       0.7829 0.0026  0.7803  0.7854 0.0021  [0.7860 0.7816 0.7809 0.7838 0.7820]
           barlow_twins_v1__029       0.7831 0.0026  0.7805  0.7857 0.0021  [0.7863 0.7820 0.7817 0.7843 0.7813]
split_name                      scores_test                                                                    
                                       mean   t_pm t_int_l t_int_h    std                                values
model_name feature_name                                                                                        
lgbm       barlow_twins_v1__000      0.7723 0.0014  0.7709  0.7737 0.0011  [0.7733 0.7715 0.7724 0.7710 0.7735]
           barlow_twins_v1__001      0.7787 0.0007  0.7780  0.7794 0.0006  [0.7796 0.7788 0.7786 0.7783 0.7782]
           barlow_twins_v1__002      0.7808 0.0009  0.7800  0.7817 0.0007  [0.7804 0.7813 0.7818 0.7804 0.7802]
           barlow_twins_v1__003      0.7822 0.0010  0.7812  0.7832 0.0008  [0.7828 0.7830 0.7823 0.7811 0.7818]
           barlow_twins_v1__004      0.7838 0.0010  0.7828  0.7849 0.0008  [0.7836 0.7849 0.7828 0.7834 0.7845]
           barlow_twins_v1__005      0.7840 0.0008  0.7832  0.7848 0.0007  [0.7846 0.7844 0.7844 0.7831 0.7835]
           barlow_twins_v1__006      0.7852 0.0008  0.7844  0.7860 0.0006  [0.7857 0.7854 0.7841 0.7852 0.7855]
           barlow_twins_v1__007      0.7859 0.0010  0.7849  0.7869 0.0008  [0.7860 0.7870 0.7863 0.7852 0.7850]
           barlow_twins_v1__008      0.7853 0.0005  0.7848  0.7859 0.0004  [0.7850 0.7849 0.7859 0.7850 0.7857]
           barlow_twins_v1__009      0.7857 0.0012  0.7845  0.7870 0.0010  [0.7869 0.7856 0.7848 0.7848 0.7867]
           barlow_twins_v1__010      0.7854 0.0008  0.7847  0.7862 0.0006  [0.7850 0.7849 0.7865 0.7855 0.7853]
           barlow_twins_v1__011      0.7861 0.0008  0.7853  0.7869 0.0007  [0.7867 0.7865 0.7860 0.7850 0.7862]
           barlow_twins_v1__012      0.7859 0.0006  0.7853  0.7865 0.0005  [0.7858 0.7864 0.7861 0.7852 0.7861]
           barlow_twins_v1__013      0.7856 0.0010  0.7846  0.7866 0.0008  [0.7857 0.7861 0.7846 0.7850 0.7866]
           barlow_twins_v1__014      0.7863 0.0009  0.7854  0.7873 0.0007  [0.7866 0.7870 0.7866 0.7851 0.7864]
           barlow_twins_v1__015      0.7870 0.0004  0.7867  0.7874 0.0003  [0.7869 0.7866 0.7872 0.7871 0.7874]
           barlow_twins_v1__016      0.7865 0.0012  0.7854  0.7877 0.0009  [0.7859 0.7864 0.7856 0.7867 0.7879]
           barlow_twins_v1__017      0.7868 0.0009  0.7858  0.7877 0.0007  [0.7858 0.7875 0.7874 0.7866 0.7865]
           barlow_twins_v1__018      0.7861 0.0002  0.7859  0.7863 0.0002  [0.7861 0.7860 0.7863 0.7863 0.7858]
           barlow_twins_v1__019      0.7866 0.0009  0.7857  0.7875 0.0007  [0.7863 0.7875 0.7858 0.7872 0.7862]
           barlow_twins_v1__020      0.7871 0.0004  0.7867  0.7875 0.0003  [0.7870 0.7869 0.7876 0.7868 0.7871]
           barlow_twins_v1__021      0.7871 0.0010  0.7861  0.7881 0.0008  [0.7873 0.7878 0.7873 0.7857 0.7874]
           barlow_twins_v1__022      0.7868 0.0008  0.7860  0.7876 0.0006  [0.7863 0.7863 0.7873 0.7865 0.7877]
           barlow_twins_v1__023      0.7868 0.0011  0.7857  0.7878 0.0009  [0.7861 0.7862 0.7878 0.7861 0.7876]
           barlow_twins_v1__024      0.7869 0.0004  0.7865  0.7873 0.0003  [0.7870 0.7872 0.7864 0.7869 0.7870]
           barlow_twins_v1__025      0.7873 0.0009  0.7864  0.7881 0.0007  [0.7873 0.7881 0.7872 0.7862 0.7875]
           barlow_twins_v1__026      0.7864 0.0008  0.7856  0.7872 0.0006  [0.7859 0.7868 0.7864 0.7857 0.7873]
           barlow_twins_v1__027      0.7865 0.0002  0.7863  0.7868 0.0002  [0.7866 0.7864 0.7865 0.7864 0.7869]
           barlow_twins_v1__028      0.7862 0.0003  0.7859  0.7865 0.0003  [0.7857 0.7863 0.7863 0.7862 0.7865]
           barlow_twins_v1__029      0.7865 0.0010  0.7855  0.7876 0.0008  [0.7851 0.7868 0.7869 0.7866 0.7873]

------------------------------------------------------------------------------------------------------------------------
End of report.     Current time: 2022-07-25 11:15:58
------------------------------------------------------------------------------------------------------------------------
