------------------------------------------------------------------------------------------------------------------------
Vector testing report
Params:

Collected 150 files with 0 errors

------------------------------------------------------------------------------------------------------------------------
Metric: "auroc"
split_name              scores_valid                                                                    
                                mean   t_pm t_int_l t_int_h    std                                values
model_name feature_name                                                                                 
lgbm       cpc__000           0.7737 0.0035  0.7702  0.7771 0.0028  [0.7785 0.7726 0.7723 0.7733 0.7715]
           cpc__001           0.7798 0.0038  0.7760  0.7836 0.0030  [0.7848 0.7790 0.7766 0.7790 0.7795]
           cpc__002           0.7823 0.0023  0.7800  0.7846 0.0019  [0.7850 0.7823 0.7801 0.7827 0.7813]
           cpc__003           0.7838 0.0034  0.7804  0.7872 0.0027  [0.7882 0.7832 0.7819 0.7843 0.7814]
           cpc__004           0.7856 0.0033  0.7823  0.7888 0.0026  [0.7885 0.7877 0.7822 0.7858 0.7837]
           cpc__005           0.7865 0.0029  0.7836  0.7894 0.0023  [0.7898 0.7863 0.7833 0.7872 0.7861]
           cpc__006           0.7867 0.0022  0.7846  0.7889 0.0018  [0.7892 0.7865 0.7846 0.7876 0.7857]
           cpc__007           0.7875 0.0023  0.7852  0.7898 0.0018  [0.7901 0.7872 0.7850 0.7881 0.7872]
           cpc__008           0.7880 0.0034  0.7846  0.7913 0.0027  [0.7905 0.7885 0.7837 0.7898 0.7873]
           cpc__009           0.7889 0.0029  0.7860  0.7919 0.0024  [0.7915 0.7905 0.7853 0.7890 0.7883]
           cpc__010           0.7889 0.0029  0.7860  0.7918 0.0023  [0.7923 0.7889 0.7859 0.7893 0.7879]
           cpc__011           0.7880 0.0024  0.7856  0.7904 0.0019  [0.7910 0.7873 0.7858 0.7884 0.7875]
           cpc__012           0.7881 0.0026  0.7856  0.7907 0.0021  [0.7905 0.7879 0.7850 0.7893 0.7880]
           cpc__013 **        0.7892 0.0028  0.7864  0.7921 0.0023  [0.7924 0.7891 0.7867 0.7904 0.7876]
           cpc__014           0.7886 0.0022  0.7864  0.7909 0.0018  [0.7912 0.7875 0.7866 0.7898 0.7881]
           cpc__015           0.7881 0.0025  0.7857  0.7906 0.0020  [0.7906 0.7881 0.7853 0.7891 0.7874]
           cpc__016           0.7882 0.0028  0.7854  0.7910 0.0023  [0.7916 0.7871 0.7854 0.7885 0.7884]
           cpc__017           0.7890 0.0031  0.7859  0.7921 0.0025  [0.7921 0.7873 0.7866 0.7912 0.7877]
           cpc__018           0.7888 0.0020  0.7868  0.7908 0.0016  [0.7905 0.7888 0.7869 0.7902 0.7875]
           cpc__019           0.7882 0.0028  0.7853  0.7910 0.0023  [0.7917 0.7877 0.7858 0.7888 0.7867]
           cpc__020           0.7882 0.0025  0.7857  0.7907 0.0020  [0.7912 0.7871 0.7862 0.7892 0.7873]
           cpc__021           0.7887 0.0022  0.7865  0.7908 0.0017  [0.7908 0.7880 0.7865 0.7901 0.7879]
           cpc__022           0.7884 0.0023  0.7861  0.7907 0.0018  [0.7904 0.7872 0.7862 0.7901 0.7880]
           cpc__023           0.7887 0.0026  0.7861  0.7914 0.0021  [0.7920 0.7878 0.7868 0.7897 0.7874]
           cpc__024           0.7892 0.0022  0.7871  0.7914 0.0017  [0.7912 0.7888 0.7868 0.7907 0.7887]
           cpc__025           0.7883 0.0023  0.7860  0.7906 0.0019  [0.7913 0.7875 0.7866 0.7890 0.7874]
           cpc__026           0.7886 0.0023  0.7862  0.7909 0.0019  [0.7912 0.7887 0.7861 0.7891 0.7877]
           cpc__027           0.7887 0.0030  0.7857  0.7918 0.0024  [0.7921 0.7871 0.7864 0.7905 0.7876]
           cpc__028           0.7884 0.0032  0.7852  0.7917 0.0026  [0.7917 0.7878 0.7848 0.7899 0.7880]
           cpc__029           0.7884 0.0033  0.7851  0.7917 0.0027  [0.7920 0.7868 0.7856 0.7903 0.7874]
split_name              scores_test                                                                    
                               mean   t_pm t_int_l t_int_h    std                                values
model_name feature_name                                                                                
lgbm       cpc__000          0.7769 0.0010  0.7760  0.7779 0.0008  [0.7775 0.7757 0.7767 0.7775 0.7774]
           cpc__001          0.7816 0.0007  0.7809  0.7823 0.0006  [0.7819 0.7813 0.7808 0.7817 0.7823]
           cpc__002          0.7856 0.0009  0.7847  0.7864 0.0007  [0.7844 0.7860 0.7854 0.7861 0.7860]
           cpc__003          0.7861 0.0009  0.7852  0.7870 0.0007  [0.7861 0.7873 0.7858 0.7854 0.7860]
           cpc__004          0.7897 0.0010  0.7887  0.7907 0.0008  [0.7897 0.7906 0.7885 0.7894 0.7902]
           cpc__005          0.7891 0.0008  0.7883  0.7899 0.0006  [0.7886 0.7890 0.7884 0.7896 0.7898]
           cpc__006          0.7901 0.0007  0.7894  0.7908 0.0006  [0.7900 0.7909 0.7904 0.7901 0.7893]
           cpc__007          0.7919 0.0014  0.7905  0.7933 0.0011  [0.7926 0.7911 0.7907 0.7915 0.7934]
           cpc__008          0.7915 0.0010  0.7905  0.7925 0.0008  [0.7913 0.7917 0.7905 0.7912 0.7927]
           cpc__009          0.7938 0.0009  0.7929  0.7947 0.0007  [0.7934 0.7937 0.7931 0.7939 0.7950]
           cpc__010          0.7937 0.0001  0.7936  0.7938 0.0001  [0.7938 0.7935 0.7937 0.7936 0.7938]
           cpc__011          0.7913 0.0011  0.7903  0.7924 0.0008  [0.7901 0.7919 0.7908 0.7918 0.7921]
           cpc__012          0.7927 0.0005  0.7922  0.7931 0.0004  [0.7930 0.7929 0.7926 0.7927 0.7921]
           cpc__013          0.7940 0.0010  0.7930  0.7951 0.0008  [0.7943 0.7950 0.7927 0.7940 0.7942]
           cpc__014          0.7936 0.0011  0.7924  0.7947 0.0009  [0.7943 0.7941 0.7922 0.7932 0.7941]
           cpc__015          0.7929 0.0009  0.7921  0.7938 0.0007  [0.7931 0.7929 0.7920 0.7939 0.7927]
           cpc__016          0.7943 0.0009  0.7934  0.7952 0.0007  [0.7940 0.7941 0.7933 0.7947 0.7952]
           cpc__017          0.7943 0.0008  0.7935  0.7951 0.0007  [0.7948 0.7948 0.7934 0.7938 0.7947]
           cpc__018          0.7937 0.0007  0.7930  0.7945 0.0006  [0.7934 0.7944 0.7932 0.7944 0.7934]
           cpc__019          0.7936 0.0004  0.7932  0.7939 0.0003  [0.7939 0.7935 0.7935 0.7939 0.7932]
           cpc__020          0.7934 0.0011  0.7923  0.7945 0.0009  [0.7939 0.7933 0.7920 0.7936 0.7943]
           cpc__021          0.7943 0.0006  0.7937  0.7949 0.0005  [0.7944 0.7950 0.7936 0.7943 0.7944]
           cpc__022          0.7931 0.0005  0.7926  0.7936 0.0004  [0.7926 0.7933 0.7927 0.7932 0.7935]
           cpc__023          0.7949 0.0009  0.7940  0.7958 0.0007  [0.7944 0.7954 0.7952 0.7955 0.7938]
           cpc__024          0.7948 0.0009  0.7939  0.7957 0.0007  [0.7944 0.7949 0.7939 0.7949 0.7959]
           cpc__025          0.7927 0.0012  0.7915  0.7939 0.0010  [0.7944 0.7925 0.7925 0.7922 0.7918]
           cpc__026          0.7936 0.0015  0.7921  0.7952 0.0012  [0.7929 0.7928 0.7927 0.7942 0.7956]
           cpc__027          0.7935 0.0005  0.7930  0.7940 0.0004  [0.7929 0.7938 0.7932 0.7939 0.7937]
           cpc__028          0.7932 0.0010  0.7922  0.7941 0.0008  [0.7926 0.7936 0.7923 0.7932 0.7942]
           cpc__029          0.7931 0.0012  0.7919  0.7943 0.0010  [0.7920 0.7927 0.7928 0.7946 0.7933]

------------------------------------------------------------------------------------------------------------------------
End of report.     Current time: 2022-07-25 15:17:00
------------------------------------------------------------------------------------------------------------------------
