------------------------------------------------------------------------------------------------------------------------
Vector testing report
Params:
    conf: "conf/embeddings_validation_short.yaml"

Collected 150 files with 0 errors

------------------------------------------------------------------------------------------------------------------------
Metric: "auroc"
split_name              scores_valid                                                                    
                                mean   t_pm t_int_l t_int_h    std                                values
model_name feature_name                                                                                 
lgbm       mles__000          0.7813 0.0035  0.7779  0.7848 0.0028  [0.7858 0.7809 0.7795 0.7817 0.7787]
           mles__001          0.7835 0.0029  0.7806  0.7864 0.0023  [0.7872 0.7834 0.7808 0.7833 0.7829]
           mles__002          0.7849 0.0027  0.7822  0.7876 0.0022  [0.7876 0.7855 0.7822 0.7860 0.7832]
           mles__003          0.7849 0.0028  0.7821  0.7877 0.0023  [0.7882 0.7850 0.7823 0.7858 0.7834]
           mles__004          0.7866 0.0026  0.7840  0.7892 0.0021  [0.7896 0.7868 0.7845 0.7871 0.7849]
           mles__005          0.7878 0.0028  0.7850  0.7906 0.0023  [0.7914 0.7882 0.7855 0.7878 0.7862]
           mles__006          0.7871 0.0033  0.7837  0.7904 0.0027  [0.7909 0.7875 0.7839 0.7879 0.7851]
           mles__007          0.7874 0.0029  0.7845  0.7903 0.0023  [0.7906 0.7873 0.7841 0.7881 0.7870]
           mles__008          0.7877 0.0024  0.7853  0.7901 0.0019  [0.7908 0.7872 0.7856 0.7880 0.7869]
           mles__009          0.7880 0.0028  0.7852  0.7908 0.0023  [0.7916 0.7885 0.7859 0.7873 0.7864]
           mles__010          0.7883 0.0025  0.7858  0.7908 0.0020  [0.7916 0.7885 0.7868 0.7881 0.7865]
           mles__011          0.7885 0.0027  0.7858  0.7913 0.0022  [0.7919 0.7885 0.7859 0.7886 0.7878]
           mles__012          0.7886 0.0024  0.7862  0.7910 0.0019  [0.7919 0.7884 0.7872 0.7883 0.7872]
           mles__013          0.7889 0.0025  0.7865  0.7914 0.0020  [0.7923 0.7886 0.7871 0.7885 0.7881]
           mles__014          0.7883 0.0026  0.7857  0.7909 0.0021  [0.7919 0.7884 0.7869 0.7874 0.7869]
           mles__015          0.7888 0.0027  0.7861  0.7915 0.0022  [0.7924 0.7885 0.7865 0.7886 0.7879]
           mles__016          0.7892 0.0021  0.7871  0.7912 0.0017  [0.7917 0.7893 0.7872 0.7892 0.7883]
           mles__017          0.7891 0.0027  0.7863  0.7918 0.0022  [0.7927 0.7891 0.7874 0.7890 0.7871]
           mles__018          0.7889 0.0029  0.7860  0.7918 0.0023  [0.7928 0.7889 0.7870 0.7887 0.7873]
           mles__019          0.7890 0.0026  0.7865  0.7916 0.0021  [0.7926 0.7886 0.7876 0.7888 0.7877]
           mles__020          0.7885 0.0029  0.7856  0.7915 0.0024  [0.7921 0.7894 0.7862 0.7883 0.7866]
           mles__021          0.7890 0.0027  0.7864  0.7917 0.0021  [0.7925 0.7894 0.7867 0.7882 0.7883]
           mles__022          0.7888 0.0028  0.7861  0.7916 0.0022  [0.7925 0.7891 0.7874 0.7881 0.7870]
           mles__023          0.7889 0.0030  0.7859  0.7918 0.0024  [0.7929 0.7885 0.7867 0.7880 0.7881]
           mles__024          0.7885 0.0024  0.7862  0.7909 0.0019  [0.7918 0.7885 0.7876 0.7877 0.7870]
           mles__025          0.7886 0.0027  0.7858  0.7913 0.0022  [0.7924 0.7882 0.7867 0.7880 0.7876]
           mles__026 **       0.7894 0.0028  0.7865  0.7922 0.0023  [0.7929 0.7900 0.7870 0.7887 0.7881]
           mles__027          0.7886 0.0027  0.7859  0.7914 0.0022  [0.7920 0.7884 0.7859 0.7888 0.7881]
           mles__028          0.7887 0.0027  0.7859  0.7914 0.0022  [0.7925 0.7886 0.7868 0.7878 0.7878]
           mles__029          0.7890 0.0027  0.7863  0.7916 0.0021  [0.7925 0.7892 0.7874 0.7886 0.7871]
split_name              scores_test                                                                    
                               mean   t_pm t_int_l t_int_h    std                                values
model_name feature_name                                                                                
lgbm       mles__000         0.7842 0.0002  0.7840  0.7844 0.0002  [0.7842 0.7843 0.7844 0.7839 0.7841]
           mles__001         0.7864 0.0008  0.7856  0.7872 0.0006  [0.7870 0.7864 0.7867 0.7853 0.7864]
           mles__002         0.7890 0.0006  0.7884  0.7896 0.0005  [0.7895 0.7887 0.7884 0.7889 0.7895]
           mles__003         0.7877 0.0006  0.7871  0.7883 0.0005  [0.7883 0.7878 0.7876 0.7870 0.7878]
           mles__004         0.7910 0.0007  0.7903  0.7917 0.0005  [0.7905 0.7911 0.7918 0.7906 0.7910]
           mles__005         0.7911 0.0008  0.7903  0.7920 0.0007  [0.7918 0.7908 0.7916 0.7901 0.7913]
           mles__006         0.7913 0.0005  0.7908  0.7918 0.0004  [0.7920 0.7913 0.7913 0.7913 0.7908]
           mles__007         0.7919 0.0004  0.7915  0.7923 0.0003  [0.7920 0.7922 0.7916 0.7916 0.7922]
           mles__008         0.7917 0.0006  0.7911  0.7923 0.0005  [0.7919 0.7920 0.7922 0.7914 0.7911]
           mles__009         0.7914 0.0006  0.7908  0.7921 0.0005  [0.7915 0.7908 0.7917 0.7921 0.7912]
           mles__010         0.7928 0.0007  0.7921  0.7935 0.0006  [0.7936 0.7928 0.7921 0.7930 0.7925]
           mles__011         0.7926 0.0008  0.7918  0.7934 0.0006  [0.7934 0.7923 0.7918 0.7931 0.7925]
           mles__012         0.7916 0.0005  0.7912  0.7921 0.0004  [0.7911 0.7915 0.7922 0.7917 0.7916]
           mles__013         0.7925 0.0010  0.7915  0.7935 0.0008  [0.7928 0.7919 0.7915 0.7932 0.7932]
           mles__014         0.7921 0.0005  0.7917  0.7926 0.0004  [0.7925 0.7920 0.7916 0.7923 0.7924]
           mles__015         0.7926 0.0008  0.7918  0.7934 0.0007  [0.7933 0.7929 0.7921 0.7917 0.7930]
           mles__016         0.7931 0.0010  0.7922  0.7941 0.0008  [0.7941 0.7926 0.7924 0.7927 0.7938]
           mles__017         0.7932 0.0007  0.7925  0.7939 0.0006  [0.7941 0.7929 0.7931 0.7932 0.7925]
           mles__018         0.7935 0.0008  0.7927  0.7943 0.0006  [0.7942 0.7927 0.7936 0.7939 0.7929]
           mles__019         0.7929 0.0004  0.7925  0.7933 0.0003  [0.7933 0.7927 0.7925 0.7930 0.7929]
           mles__020         0.7926 0.0011  0.7914  0.7937 0.0009  [0.7923 0.7912 0.7924 0.7932 0.7936]
           mles__021         0.7932 0.0011  0.7921  0.7943 0.0009  [0.7935 0.7923 0.7933 0.7945 0.7924]
           mles__022         0.7931 0.0006  0.7925  0.7937 0.0005  [0.7932 0.7925 0.7938 0.7932 0.7928]
           mles__023         0.7935 0.0007  0.7928  0.7942 0.0006  [0.7936 0.7936 0.7940 0.7938 0.7925]
           mles__024         0.7931 0.0008  0.7923  0.7938 0.0006  [0.7932 0.7926 0.7941 0.7929 0.7927]
           mles__025         0.7933 0.0009  0.7924  0.7943 0.0007  [0.7934 0.7937 0.7921 0.7941 0.7934]
           mles__026         0.7926 0.0011  0.7914  0.7937 0.0009  [0.7931 0.7910 0.7933 0.7925 0.7929]
           mles__027         0.7933 0.0006  0.7927  0.7939 0.0005  [0.7940 0.7927 0.7934 0.7934 0.7932]
           mles__028         0.7935 0.0004  0.7931  0.7939 0.0003  [0.7936 0.7936 0.7936 0.7938 0.7930]
           mles__029         0.7929 0.0005  0.7923  0.7934 0.0004  [0.7927 0.7930 0.7923 0.7928 0.7935]

------------------------------------------------------------------------------------------------------------------------
End of report.     Current time: 2022-07-22 12:20:58
------------------------------------------------------------------------------------------------------------------------
