------------------------------------------------------------------------------------------------------------------------
Vector testing report
Params:

Collected 150 files with 0 errors

------------------------------------------------------------------------------------------------------------------------
Metric: "auroc"
split_name              scores_valid                                                                    
                                mean   t_pm t_int_l t_int_h    std                                values
model_name feature_name                                                                                 
lgbm       sop__000           0.6878 0.0031  0.6847  0.6909 0.0025  [0.6907 0.6887 0.6890 0.6862 0.6844]
           sop__001           0.6894 0.0030  0.6864  0.6923 0.0024  [0.6901 0.6931 0.6890 0.6876 0.6872]
           sop__002           0.6920 0.0029  0.6891  0.6949 0.0023  [0.6941 0.6938 0.6922 0.6883 0.6916]
           sop__003           0.6746 0.0033  0.6713  0.6779 0.0027  [0.6754 0.6782 0.6748 0.6709 0.6737]
           sop__004           0.6840 0.0021  0.6818  0.6861 0.0017  [0.6854 0.6855 0.6841 0.6813 0.6836]
           sop__005           0.6838 0.0036  0.6801  0.6874 0.0029  [0.6867 0.6861 0.6830 0.6793 0.6838]
           sop__006           0.6908 0.0027  0.6881  0.6935 0.0022  [0.6910 0.6925 0.6928 0.6873 0.6904]
           sop__007           0.6960 0.0026  0.6934  0.6986 0.0021  [0.6956 0.6990 0.6965 0.6932 0.6957]
           sop__008           0.6966 0.0037  0.6929  0.7003 0.0030  [0.6957 0.6985 0.7001 0.6922 0.6967]
           sop__009           0.7008 0.0025  0.6983  0.7032 0.0020  [0.7023 0.7029 0.7002 0.6979 0.7005]
           sop__010           0.6997 0.0026  0.6971  0.7022 0.0021  [0.7006 0.7018 0.6988 0.6965 0.7006]
           sop__011           0.7004 0.0028  0.6976  0.7032 0.0023  [0.7021 0.7023 0.7004 0.6967 0.7005]
           sop__012           0.7001 0.0022  0.6979  0.7023 0.0018  [0.7007 0.7023 0.6997 0.6975 0.7003]
           sop__013           0.7006 0.0025  0.6981  0.7031 0.0020  [0.7031 0.7015 0.7008 0.6976 0.6999]
           sop__014           0.6992 0.0031  0.6961  0.7022 0.0025  [0.7011 0.7007 0.7001 0.6950 0.6990]
           sop__015           0.7006 0.0026  0.6979  0.7032 0.0021  [0.7009 0.7036 0.7000 0.6977 0.7006]
           sop__016           0.7003 0.0019  0.6984  0.7021 0.0015  [0.7006 0.7026 0.7002 0.6987 0.6993]
           sop__017           0.7010 0.0013  0.6998  0.7023 0.0010  [0.7022 0.7018 0.7007 0.6997 0.7007]
           sop__018           0.6997 0.0025  0.6971  0.7022 0.0020  [0.7016 0.7006 0.7007 0.6964 0.6991]
           sop__019           0.6997 0.0013  0.6984  0.7009 0.0010  [0.7003 0.7010 0.6996 0.6983 0.6992]
           sop__020           0.6998 0.0023  0.6975  0.7021 0.0019  [0.7022 0.7008 0.7002 0.6979 0.6979]
           sop__021 **        0.7018 0.0018  0.7000  0.7036 0.0015  [0.7034 0.7032 0.7013 0.7008 0.7002]
           sop__022           0.7009 0.0017  0.6992  0.7026 0.0014  [0.7023 0.7020 0.7012 0.6990 0.6999]
           sop__023           0.7018 0.0022  0.6996  0.7040 0.0018  [0.7039 0.7033 0.7009 0.6996 0.7011]
           sop__024           0.7006 0.0020  0.6986  0.7026 0.0016  [0.7013 0.7023 0.7015 0.6987 0.6991]
           sop__025           0.7008 0.0024  0.6984  0.7031 0.0019  [0.7029 0.7021 0.7012 0.6983 0.6994]
           sop__026           0.7002 0.0021  0.6980  0.7023 0.0017  [0.7024 0.7012 0.7003 0.6985 0.6984]
           sop__027           0.7003 0.0023  0.6980  0.7026 0.0019  [0.7016 0.7024 0.7008 0.6986 0.6982]
           sop__028           0.7015 0.0017  0.6998  0.7033 0.0014  [0.7034 0.7025 0.7010 0.7000 0.7007]
           sop__029           0.7003 0.0029  0.6975  0.7032 0.0023  [0.7028 0.7019 0.7012 0.6975 0.6983]
split_name              scores_test                                                                    
                               mean   t_pm t_int_l t_int_h    std                                values
model_name feature_name                                                                                
lgbm       sop__000          0.6936 0.0007  0.6930  0.6943 0.0006  [0.6938 0.6945 0.6932 0.6937 0.6931]
           sop__001          0.6946 0.0009  0.6937  0.6955 0.0007  [0.6935 0.6952 0.6944 0.6949 0.6952]
           sop__002          0.6942 0.0016  0.6926  0.6958 0.0013  [0.6923 0.6950 0.6953 0.6934 0.6949]
           sop__003          0.6796 0.0013  0.6783  0.6809 0.0011  [0.6780 0.6801 0.6805 0.6803 0.6789]
           sop__004          0.6872 0.0011  0.6861  0.6883 0.0009  [0.6874 0.6869 0.6869 0.6861 0.6885]
           sop__005          0.6878 0.0021  0.6858  0.6899 0.0017  [0.6869 0.6870 0.6889 0.6862 0.6902]
           sop__006          0.6965 0.0009  0.6957  0.6974 0.0007  [0.6958 0.6969 0.6964 0.6960 0.6976]
           sop__007          0.7042 0.0019  0.7024  0.7061 0.0015  [0.7021 0.7053 0.7052 0.7032 0.7054]
           sop__008          0.7016 0.0014  0.7002  0.7031 0.0012  [0.6999 0.7014 0.7019 0.7019 0.7031]
           sop__009          0.7062 0.0010  0.7051  0.7072 0.0008  [0.7053 0.7062 0.7070 0.7054 0.7070]
           sop__010          0.7057 0.0009  0.7048  0.7067 0.0008  [0.7056 0.7060 0.7062 0.7044 0.7063]
           sop__011          0.7052 0.0016  0.7036  0.7068 0.0013  [0.7033 0.7055 0.7064 0.7047 0.7062]
           sop__012          0.7062 0.0018  0.7044  0.7079 0.0014  [0.7041 0.7075 0.7053 0.7067 0.7071]
           sop__013          0.7055 0.0015  0.7040  0.7069 0.0012  [0.7054 0.7061 0.7044 0.7042 0.7070]
           sop__014          0.7047 0.0013  0.7033  0.7060 0.0011  [0.7036 0.7046 0.7052 0.7037 0.7061]
           sop__015          0.7057 0.0023  0.7034  0.7080 0.0019  [0.7035 0.7052 0.7061 0.7051 0.7086]
           sop__016          0.7053 0.0013  0.7040  0.7067 0.0011  [0.7037 0.7049 0.7058 0.7056 0.7066]
           sop__017          0.7061 0.0013  0.7049  0.7074 0.0010  [0.7052 0.7059 0.7067 0.7052 0.7075]
           sop__018          0.7033 0.0007  0.7026  0.7039 0.0005  [0.7033 0.7042 0.7029 0.7030 0.7029]
           sop__019          0.7043 0.0020  0.7024  0.7063 0.0016  [0.7026 0.7042 0.7032 0.7050 0.7066]
           sop__020          0.7042 0.0013  0.7029  0.7055 0.0010  [0.7036 0.7041 0.7044 0.7032 0.7058]
           sop__021          0.7063 0.0009  0.7053  0.7072 0.0008  [0.7055 0.7054 0.7069 0.7066 0.7069]
           sop__022          0.7049 0.0019  0.7030  0.7068 0.0015  [0.7054 0.7051 0.7044 0.7028 0.7069]
           sop__023          0.7054 0.0019  0.7035  0.7073 0.0015  [0.7051 0.7052 0.7038 0.7051 0.7079]
           sop__024          0.7057 0.0012  0.7045  0.7069 0.0010  [0.7050 0.7050 0.7056 0.7057 0.7074]
           sop__025          0.7048 0.0011  0.7037  0.7059 0.0009  [0.7037 0.7061 0.7046 0.7050 0.7047]
           sop__026          0.7046 0.0014  0.7032  0.7060 0.0011  [0.7038 0.7047 0.7053 0.7032 0.7061]
           sop__027          0.7043 0.0021  0.7022  0.7063 0.0017  [0.7024 0.7047 0.7046 0.7030 0.7066]
           sop__028          0.7057 0.0018  0.7038  0.7075 0.0015  [0.7044 0.7061 0.7040 0.7061 0.7077]
           sop__029          0.7035 0.0013  0.7022  0.7047 0.0010  [0.7025 0.7047 0.7038 0.7024 0.7041]

------------------------------------------------------------------------------------------------------------------------
End of report.     Current time: 2022-07-25 22:06:33
------------------------------------------------------------------------------------------------------------------------
