------------------------------------------------------------------------------------------------------------------------
Vector testing report
Params:

Collected 125 files with 0 errors

------------------------------------------------------------------------------------------------------------------------
Metric: "auroc"
split_name              scores_valid                                                                    
                                mean   t_pm t_int_l t_int_h    std                                values
model_name feature_name                                                                                 
lgbm       rtd__000           0.7738 0.0039  0.7700  0.7777 0.0031  [0.7789 0.7707 0.7721 0.7737 0.7737]
           rtd__001           0.7790 0.0025  0.7765  0.7815 0.0020  [0.7823 0.7793 0.7771 0.7778 0.7786]
           rtd__002           0.7808 0.0024  0.7785  0.7832 0.0019  [0.7836 0.7811 0.7793 0.7813 0.7788]
           rtd__003           0.7814 0.0025  0.7789  0.7838 0.0020  [0.7843 0.7815 0.7791 0.7820 0.7800]
           rtd__004           0.7830 0.0029  0.7801  0.7859 0.0023  [0.7862 0.7832 0.7802 0.7841 0.7814]
           rtd__005           0.7831 0.0020  0.7811  0.7851 0.0016  [0.7853 0.7826 0.7809 0.7837 0.7831]
           rtd__006           0.7837 0.0019  0.7817  0.7856 0.0016  [0.7851 0.7824 0.7830 0.7856 0.7823]
           rtd__007           0.7835 0.0026  0.7808  0.7861 0.0021  [0.7862 0.7827 0.7813 0.7851 0.7820]
           rtd__008           0.7839 0.0028  0.7812  0.7867 0.0022  [0.7863 0.7846 0.7807 0.7854 0.7827]
           rtd__009           0.7857 0.0030  0.7827  0.7887 0.0024  [0.7874 0.7875 0.7826 0.7873 0.7835]
           rtd__010           0.7861 0.0030  0.7831  0.7891 0.0024  [0.7890 0.7870 0.7837 0.7873 0.7835]
           rtd__011           0.7859 0.0033  0.7827  0.7892 0.0026  [0.7884 0.7875 0.7833 0.7875 0.7828]
           rtd__012           0.7863 0.0032  0.7831  0.7895 0.0026  [0.7901 0.7867 0.7836 0.7869 0.7841]
           rtd__013           0.7863 0.0025  0.7839  0.7888 0.0020  [0.7892 0.7858 0.7846 0.7875 0.7845]
           rtd__014           0.7866 0.0026  0.7840  0.7892 0.0021  [0.7893 0.7860 0.7848 0.7883 0.7847]
           rtd__015           0.7867 0.0026  0.7841  0.7892 0.0021  [0.7894 0.7867 0.7847 0.7880 0.7846]
           rtd__016           0.7863 0.0029  0.7834  0.7892 0.0024  [0.7897 0.7858 0.7843 0.7875 0.7840]
           rtd__017           0.7867 0.0032  0.7835  0.7899 0.0026  [0.7900 0.7867 0.7842 0.7885 0.7841]
           rtd__018           0.7867 0.0027  0.7840  0.7895 0.0022  [0.7896 0.7863 0.7857 0.7881 0.7839]
           rtd__019           0.7869 0.0028  0.7840  0.7897 0.0023  [0.7895 0.7874 0.7848 0.7885 0.7842]
           rtd__020           0.7866 0.0025  0.7841  0.7891 0.0020  [0.7887 0.7871 0.7843 0.7881 0.7846]
           rtd__021 **        0.7870 0.0027  0.7843  0.7898 0.0022  [0.7896 0.7871 0.7854 0.7887 0.7843]
           rtd__022           0.7869 0.0029  0.7840  0.7898 0.0023  [0.7898 0.7872 0.7846 0.7884 0.7845]
           rtd__023           0.7869 0.0022  0.7848  0.7891 0.0018  [0.7890 0.7869 0.7852 0.7884 0.7852]
           rtd__024           0.7869 0.0026  0.7844  0.7895 0.0021  [0.7897 0.7870 0.7853 0.7881 0.7845]
split_name              scores_test                                                                    
                               mean   t_pm t_int_l t_int_h    std                                values
model_name feature_name                                                                                
lgbm       rtd__000          0.7774 0.0014  0.7760  0.7787 0.0011  [0.7787 0.7771 0.7768 0.7760 0.7783]
           rtd__001          0.7813 0.0011  0.7802  0.7824 0.0009  [0.7808 0.7819 0.7825 0.7804 0.7809]
           rtd__002          0.7833 0.0012  0.7820  0.7845 0.0010  [0.7817 0.7839 0.7835 0.7842 0.7830]
           rtd__003          0.7835 0.0006  0.7830  0.7841 0.0005  [0.7840 0.7830 0.7832 0.7840 0.7835]
           rtd__004          0.7853 0.0013  0.7840  0.7866 0.0010  [0.7860 0.7862 0.7855 0.7836 0.7853]
           rtd__005          0.7849 0.0010  0.7839  0.7859 0.0008  [0.7848 0.7845 0.7840 0.7853 0.7860]
           rtd__006          0.7869 0.0017  0.7852  0.7886 0.0014  [0.7866 0.7890 0.7853 0.7868 0.7867]
           rtd__007          0.7868 0.0010  0.7858  0.7879 0.0008  [0.7861 0.7859 0.7870 0.7872 0.7880]
           rtd__008          0.7870 0.0008  0.7862  0.7878 0.0006  [0.7861 0.7870 0.7871 0.7880 0.7869]
           rtd__009          0.7892 0.0006  0.7887  0.7898 0.0004  [0.7886 0.7895 0.7890 0.7892 0.7898]
           rtd__010          0.7890 0.0007  0.7883  0.7897 0.0005  [0.7882 0.7889 0.7890 0.7891 0.7897]
           rtd__011          0.7891 0.0008  0.7883  0.7900 0.0007  [0.7892 0.7898 0.7880 0.7893 0.7895]
           rtd__012          0.7886 0.0005  0.7881  0.7891 0.0004  [0.7886 0.7881 0.7883 0.7890 0.7890]
           rtd__013          0.7886 0.0004  0.7882  0.7890 0.0003  [0.7887 0.7885 0.7884 0.7882 0.7890]
           rtd__014          0.7889 0.0010  0.7879  0.7900 0.0008  [0.7893 0.7886 0.7879 0.7889 0.7900]
           rtd__015          0.7891 0.0007  0.7884  0.7898 0.0006  [0.7882 0.7895 0.7890 0.7890 0.7897]
           rtd__016          0.7886 0.0005  0.7881  0.7892 0.0004  [0.7887 0.7887 0.7879 0.7887 0.7891]
           rtd__017          0.7889 0.0013  0.7876  0.7902 0.0011  [0.7893 0.7891 0.7874 0.7884 0.7903]
           rtd__018          0.7888 0.0006  0.7882  0.7894 0.0005  [0.7891 0.7894 0.7882 0.7888 0.7884]
           rtd__019          0.7891 0.0003  0.7888  0.7895 0.0003  [0.7888 0.7892 0.7894 0.7893 0.7891]
           rtd__020          0.7888 0.0007  0.7881  0.7895 0.0005  [0.7890 0.7887 0.7879 0.7893 0.7891]
           rtd__021          0.7885 0.0008  0.7878  0.7893 0.0006  [0.7889 0.7887 0.7882 0.7893 0.7877]
           rtd__022          0.7889 0.0006  0.7883  0.7895 0.0005  [0.7891 0.7890 0.7887 0.7896 0.7883]
           rtd__023          0.7884 0.0005  0.7879  0.7889 0.0004  [0.7886 0.7879 0.7883 0.7890 0.7882]
           rtd__024          0.7884 0.0007  0.7877  0.7891 0.0006  [0.7885 0.7879 0.7878 0.7887 0.7891]

------------------------------------------------------------------------------------------------------------------------
End of report.     Current time: 2022-07-25 19:37:00
------------------------------------------------------------------------------------------------------------------------
