------------------------------------------------------------------------------------------------------------------------
Vector testing report
Params:

Collected 150 files with 0 errors

------------------------------------------------------------------------------------------------------------------------
Metric: "auroc"
split_name              scores_valid                                                                    
                                mean   t_pm t_int_l t_int_h    std                                values
model_name feature_name                                                                                 
lgbm       nsp__000           0.7601 0.0020  0.7581  0.7621 0.0016  [0.7626 0.7599 0.7584 0.7594 0.7602]
           nsp__001           0.7617 0.0035  0.7582  0.7652 0.0028  [0.7662 0.7607 0.7592 0.7626 0.7597]
           nsp__002           0.7615 0.0032  0.7583  0.7647 0.0026  [0.7657 0.7602 0.7597 0.7621 0.7596]
           nsp__003           0.7615 0.0035  0.7580  0.7650 0.0028  [0.7659 0.7606 0.7586 0.7623 0.7599]
           nsp__004           0.7636 0.0039  0.7598  0.7675 0.0031  [0.7688 0.7620 0.7611 0.7643 0.7620]
           nsp__005           0.7645 0.0041  0.7604  0.7686 0.0033  [0.7692 0.7631 0.7619 0.7666 0.7615]
           nsp__006           0.7656 0.0041  0.7615  0.7696 0.0033  [0.7709 0.7638 0.7625 0.7663 0.7644]
           nsp__007           0.7654 0.0041  0.7613  0.7695 0.0033  [0.7707 0.7633 0.7624 0.7663 0.7642]
           nsp__008           0.7648 0.0041  0.7607  0.7689 0.0033  [0.7704 0.7629 0.7622 0.7650 0.7636]
           nsp__009           0.7654 0.0039  0.7615  0.7692 0.0031  [0.7704 0.7626 0.7632 0.7662 0.7645]
           nsp__010           0.7653 0.0042  0.7611  0.7694 0.0034  [0.7709 0.7632 0.7624 0.7656 0.7643]
           nsp__011           0.7653 0.0040  0.7613  0.7693 0.0032  [0.7706 0.7629 0.7628 0.7661 0.7641]
           nsp__012           0.7657 0.0036  0.7620  0.7693 0.0029  [0.7703 0.7638 0.7630 0.7668 0.7644]
           nsp__013           0.7647 0.0034  0.7613  0.7681 0.0028  [0.7693 0.7632 0.7627 0.7653 0.7631]
           nsp__014           0.7657 0.0042  0.7615  0.7699 0.0034  [0.7714 0.7638 0.7628 0.7657 0.7647]
           nsp__015           0.7653 0.0041  0.7611  0.7694 0.0033  [0.7708 0.7639 0.7622 0.7657 0.7637]
           nsp__016           0.7650 0.0043  0.7607  0.7693 0.0035  [0.7706 0.7630 0.7623 0.7661 0.7629]
           nsp__017           0.7658 0.0044  0.7614  0.7702 0.0035  [0.7717 0.7638 0.7625 0.7661 0.7648]
           nsp__018           0.7652 0.0038  0.7614  0.7691 0.0031  [0.7703 0.7636 0.7622 0.7655 0.7645]
           nsp__019           0.7654 0.0040  0.7614  0.7694 0.0032  [0.7707 0.7634 0.7626 0.7659 0.7645]
           nsp__020           0.7654 0.0043  0.7611  0.7697 0.0035  [0.7710 0.7642 0.7620 0.7664 0.7634]
           nsp__021           0.7653 0.0040  0.7613  0.7693 0.0032  [0.7706 0.7637 0.7625 0.7658 0.7637]
           nsp__022           0.7655 0.0043  0.7612  0.7698 0.0035  [0.7714 0.7639 0.7625 0.7657 0.7640]
           nsp__023           0.7656 0.0044  0.7612  0.7699 0.0035  [0.7714 0.7639 0.7623 0.7662 0.7640]
           nsp__024           0.7657 0.0041  0.7616  0.7698 0.0033  [0.7712 0.7637 0.7627 0.7659 0.7651]
           nsp__025           0.7657 0.0043  0.7615  0.7700 0.0034  [0.7712 0.7633 0.7628 0.7668 0.7644]
           nsp__026           0.7654 0.0042  0.7613  0.7696 0.0034  [0.7710 0.7640 0.7622 0.7658 0.7641]
           nsp__027  **       0.7660 0.0045  0.7614  0.7705 0.0037  [0.7720 0.7645 0.7623 0.7662 0.7647]
           nsp__028           0.7657 0.0043  0.7614  0.7701 0.0035  [0.7716 0.7636 0.7629 0.7661 0.7644]
           nsp__029           0.7655 0.0040  0.7615  0.7695 0.0033  [0.7706 0.7635 0.7624 0.7667 0.7643]
split_name              scores_test                                                                    
                               mean   t_pm t_int_l t_int_h    std                                values
model_name feature_name                                                                                
lgbm       nsp__000          0.7629 0.0013  0.7615  0.7642 0.0011  [0.7628 0.7642 0.7613 0.7635 0.7627]
           nsp__001          0.7629 0.0011  0.7618  0.7641 0.0009  [0.7641 0.7628 0.7622 0.7637 0.7620]
           nsp__002          0.7650 0.0006  0.7644  0.7656 0.0005  [0.7649 0.7652 0.7643 0.7649 0.7656]
           nsp__003          0.7617 0.0007  0.7610  0.7625 0.0006  [0.7615 0.7611 0.7615 0.7618 0.7627]
           nsp__004          0.7650 0.0004  0.7646  0.7655 0.0004  [0.7650 0.7650 0.7651 0.7645 0.7655]
           nsp__005          0.7651 0.0008  0.7642  0.7659 0.0007  [0.7648 0.7644 0.7654 0.7646 0.7660]
           nsp__006          0.7659 0.0012  0.7647  0.7670 0.0009  [0.7656 0.7646 0.7664 0.7656 0.7671]
           nsp__007          0.7655 0.0001  0.7654  0.7656 0.0001  [0.7654 0.7655 0.7656 0.7654 0.7655]
           nsp__008          0.7652 0.0010  0.7642  0.7662 0.0008  [0.7651 0.7651 0.7648 0.7644 0.7666]
           nsp__009          0.7661 0.0011  0.7650  0.7672 0.0009  [0.7660 0.7656 0.7665 0.7650 0.7674]
           nsp__010          0.7657 0.0015  0.7642  0.7672 0.0012  [0.7652 0.7662 0.7651 0.7644 0.7675]
           nsp__011          0.7657 0.0014  0.7643  0.7671 0.0011  [0.7659 0.7653 0.7649 0.7648 0.7676]
           nsp__012          0.7660 0.0009  0.7650  0.7669 0.0008  [0.7656 0.7660 0.7659 0.7652 0.7672]
           nsp__013          0.7653 0.0009  0.7644  0.7662 0.0007  [0.7657 0.7647 0.7656 0.7644 0.7661]
           nsp__014          0.7659 0.0011  0.7649  0.7670 0.0009  [0.7659 0.7660 0.7661 0.7646 0.7670]
           nsp__015          0.7658 0.0014  0.7644  0.7672 0.0011  [0.7651 0.7668 0.7649 0.7649 0.7672]
           nsp__016          0.7657 0.0008  0.7649  0.7664 0.0006  [0.7650 0.7657 0.7654 0.7656 0.7667]
           nsp__017          0.7661 0.0008  0.7653  0.7669 0.0007  [0.7663 0.7658 0.7660 0.7653 0.7670]
           nsp__018          0.7656 0.0011  0.7646  0.7667 0.0008  [0.7649 0.7653 0.7655 0.7653 0.7671]
           nsp__019          0.7659 0.0009  0.7650  0.7668 0.0007  [0.7654 0.7652 0.7665 0.7656 0.7668]
           nsp__020          0.7661 0.0008  0.7653  0.7669 0.0007  [0.7666 0.7657 0.7660 0.7653 0.7669]
           nsp__021          0.7655 0.0007  0.7647  0.7662 0.0006  [0.7653 0.7650 0.7653 0.7653 0.7665]
           nsp__022          0.7662 0.0008  0.7654  0.7669 0.0006  [0.7665 0.7656 0.7665 0.7655 0.7669]
           nsp__023          0.7659 0.0007  0.7652  0.7667 0.0006  [0.7664 0.7655 0.7655 0.7655 0.7667]
           nsp__024          0.7662 0.0012  0.7650  0.7674 0.0010  [0.7661 0.7654 0.7658 0.7657 0.7678]
           nsp__025          0.7661 0.0010  0.7651  0.7671 0.0008  [0.7661 0.7653 0.7658 0.7658 0.7674]
           nsp__026          0.7658 0.0011  0.7647  0.7669 0.0009  [0.7652 0.7652 0.7660 0.7652 0.7673]
           nsp__027          0.7661 0.0008  0.7653  0.7669 0.0007  [0.7658 0.7658 0.7654 0.7664 0.7671]
           nsp__028          0.7662 0.0010  0.7652  0.7672 0.0008  [0.7664 0.7651 0.7662 0.7659 0.7674]
           nsp__029          0.7660 0.0005  0.7654  0.7665 0.0004  [0.7657 0.7657 0.7658 0.7659 0.7667]

------------------------------------------------------------------------------------------------------------------------
End of report.     Current time: 2022-07-25 16:58:40
------------------------------------------------------------------------------------------------------------------------
