------------------------------------------------------------------------------------------------------------------------
Vector testing report
Params:

Collected 250 files with 0 errors

------------------------------------------------------------------------------------------------------------------------
Metric: "auroc"
split_name                scores_valid                                                                    
                                  mean   t_pm t_int_l t_int_h    std                                values
model_name feature_name                                                                                   
lgbm       mles_sup8__000       0.7836 0.0028  0.7808  0.7864 0.0022  [0.7871 0.7830 0.7818 0.7845 0.7817]
           mles_sup8__001       0.7866 0.0027  0.7839  0.7893 0.0022  [0.7901 0.7858 0.7845 0.7869 0.7854]
           mles_sup8__002       0.7885 0.0029  0.7855  0.7914 0.0024  [0.7922 0.7863 0.7866 0.7887 0.7887]
           mles_sup8__003       0.7887 0.0031  0.7856  0.7919 0.0025  [0.7929 0.7870 0.7865 0.7885 0.7887]
           mles_sup8__004       0.7898 0.0029  0.7869  0.7927 0.0023  [0.7938 0.7881 0.7884 0.7895 0.7891]
           mles_sup8__005       0.7907 0.0025  0.7882  0.7932 0.0020  [0.7940 0.7887 0.7896 0.7909 0.7903]
           mles_sup8__006       0.7914 0.0025  0.7889  0.7938 0.0020  [0.7946 0.7907 0.7893 0.7908 0.7914]
           mles_sup8__007       0.7914 0.0026  0.7887  0.7940 0.0021  [0.7948 0.7901 0.7894 0.7921 0.7905]
           mles_sup8__008       0.7917 0.0026  0.7891  0.7943 0.0021  [0.7951 0.7899 0.7903 0.7919 0.7913]
           mles_sup8__009       0.7922 0.0022  0.7900  0.7944 0.0018  [0.7951 0.7908 0.7907 0.7921 0.7923]
           mles_sup8__010       0.7927 0.0019  0.7908  0.7946 0.0015  [0.7951 0.7914 0.7913 0.7929 0.7929]
           mles_sup8__011       0.7927 0.0024  0.7903  0.7952 0.0020  [0.7961 0.7920 0.7910 0.7925 0.7920]
           mles_sup8__012       0.7923 0.0024  0.7899  0.7948 0.0020  [0.7956 0.7916 0.7904 0.7916 0.7924]
           mles_sup8__013       0.7930 0.0028  0.7902  0.7958 0.0023  [0.7966 0.7909 0.7913 0.7936 0.7925]
           mles_sup8__014       0.7928 0.0025  0.7903  0.7953 0.0020  [0.7961 0.7916 0.7909 0.7930 0.7925]
           mles_sup8__015       0.7931 0.0022  0.7909  0.7953 0.0018  [0.7961 0.7917 0.7919 0.7928 0.7928]
           mles_sup8__016       0.7929 0.0025  0.7904  0.7955 0.0020  [0.7961 0.7914 0.7910 0.7937 0.7924]
           mles_sup8__017       0.7939 0.0026  0.7913  0.7965 0.0021  [0.7974 0.7922 0.7923 0.7940 0.7936]
           mles_sup8__023       0.7934 0.0029  0.7905  0.7963 0.0023  [0.7972 0.7915 0.7916 0.7937 0.7930]
           mles_sup8__024       0.7938 0.0026  0.7911  0.7964 0.0021  [0.7973 0.7925 0.7921 0.7941 0.7929]
           mles_sup8__025       0.7936 0.0026  0.7910  0.7962 0.0021  [0.7968 0.7922 0.7914 0.7945 0.7932]
           mles_sup8__026       0.7939 0.0022  0.7917  0.7961 0.0018  [0.7968 0.7924 0.7927 0.7942 0.7936]
           mles_sup8__027       0.7938 0.0024  0.7915  0.7962 0.0019  [0.7970 0.7924 0.7925 0.7943 0.7930]
           mles_sup8__028    ** 0.7941 0.0025  0.7916  0.7967 0.0020  [0.7972 0.7928 0.7920 0.7950 0.7935]
           mles_sup8__029       0.7940 0.0028  0.7911  0.7968 0.0023  [0.7977 0.7920 0.7922 0.7941 0.7940]
linear     mles_sup8__000       0.7824 0.0032  0.7792  0.7856 0.0026  [0.7866 0.7820 0.7799 0.7826 0.7807]
           mles_sup8__001       0.7855 0.0032  0.7823  0.7887 0.0026  [0.7895 0.7864 0.7836 0.7851 0.7829]
           mles_sup8__002       0.7865 0.0025  0.7839  0.7890 0.0021  [0.7897 0.7871 0.7852 0.7857 0.7846]
           mles_sup8__003       0.7877 0.0022  0.7855  0.7899 0.0018  [0.7901 0.7888 0.7856 0.7877 0.7866]
           mles_sup8__004       0.7886 0.0020  0.7866  0.7906 0.0016  [0.7911 0.7887 0.7870 0.7887 0.7875]
           mles_sup8__005       0.7893 0.0019  0.7873  0.7912 0.0015  [0.7913 0.7898 0.7873 0.7896 0.7882]
           mles_sup8__006       0.7905 0.0018  0.7887  0.7923 0.0014  [0.7927 0.7909 0.7889 0.7902 0.7898]
           mles_sup8__007       0.7900 0.0026  0.7874  0.7926 0.0021  [0.7930 0.7905 0.7876 0.7904 0.7886]
           mles_sup8__008       0.7904 0.0022  0.7882  0.7926 0.0018  [0.7927 0.7915 0.7884 0.7905 0.7889]
           mles_sup8__009       0.7909 0.0025  0.7884  0.7935 0.0020  [0.7933 0.7918 0.7880 0.7915 0.7901]
           mles_sup8__010       0.7915 0.0022  0.7893  0.7936 0.0018  [0.7938 0.7920 0.7894 0.7920 0.7901]
           mles_sup8__011       0.7916 0.0020  0.7896  0.7936 0.0016  [0.7940 0.7917 0.7896 0.7916 0.7908]
           mles_sup8__012       0.7911 0.0019  0.7892  0.7930 0.0016  [0.7936 0.7914 0.7895 0.7909 0.7901]
           mles_sup8__013       0.7921 0.0022  0.7899  0.7942 0.0017  [0.7946 0.7927 0.7899 0.7919 0.7912]
           mles_sup8__014       0.7916 0.0026  0.7890  0.7942 0.0021  [0.7943 0.7929 0.7891 0.7916 0.7901]
           mles_sup8__015       0.7920 0.0021  0.7899  0.7942 0.0017  [0.7945 0.7927 0.7899 0.7920 0.7910]
           mles_sup8__016       0.7921 0.0021  0.7900  0.7941 0.0017  [0.7945 0.7925 0.7903 0.7922 0.7907]
           mles_sup8__017       0.7925 0.0022  0.7903  0.7947 0.0018  [0.7950 0.7934 0.7906 0.7922 0.7912]
           mles_sup8__023       0.7922 0.0025  0.7897  0.7948 0.0020  [0.7951 0.7932 0.7900 0.7922 0.7907]
           mles_sup8__024       0.7923 0.0022  0.7901  0.7946 0.0018  [0.7949 0.7927 0.7902 0.7927 0.7912]
           mles_sup8__025       0.7921 0.0021  0.7899  0.7942 0.0017  [0.7940 0.7929 0.7897 0.7928 0.7909]
           mles_sup8__026    ** 0.7927 0.0022  0.7905  0.7949 0.0017  [0.7953 0.7931 0.7908 0.7928 0.7915]
           mles_sup8__027       0.7920 0.0019  0.7901  0.7938 0.0015  [0.7935 0.7932 0.7900 0.7923 0.7908]
           mles_sup8__028       0.7925 0.0019  0.7906  0.7945 0.0016  [0.7944 0.7932 0.7904 0.7930 0.7916]
           mles_sup8__029       0.7926 0.0021  0.7905  0.7947 0.0017  [0.7945 0.7935 0.7906 0.7934 0.7910]
split_name                scores_test                                                                    
                                 mean   t_pm t_int_l t_int_h    std                                values
model_name feature_name                                                                                  
lgbm       mles_sup8__000      0.7884 0.0006  0.7878  0.7890 0.0005  [0.7889 0.7877 0.7884 0.7888 0.7882]
           mles_sup8__001      0.7894 0.0005  0.7889  0.7899 0.0004  [0.7891 0.7900 0.7890 0.7896 0.7893]
           mles_sup8__002      0.7913 0.0008  0.7905  0.7921 0.0007  [0.7923 0.7916 0.7909 0.7907 0.7909]
           mles_sup8__003      0.7909 0.0008  0.7901  0.7917 0.0006  [0.7912 0.7912 0.7906 0.7899 0.7915]
           mles_sup8__004      0.7917 0.0003  0.7914  0.7919 0.0002  [0.7916 0.7920 0.7915 0.7915 0.7916]
           mles_sup8__005      0.7921 0.0005  0.7916  0.7925 0.0004  [0.7920 0.7915 0.7925 0.7920 0.7923]
           mles_sup8__006      0.7922 0.0006  0.7915  0.7928 0.0005  [0.7926 0.7926 0.7913 0.7923 0.7921]
           mles_sup8__007      0.7929 0.0011  0.7917  0.7940 0.0009  [0.7931 0.7927 0.7933 0.7914 0.7938]
           mles_sup8__008      0.7933 0.0005  0.7928  0.7938 0.0004  [0.7931 0.7930 0.7935 0.7929 0.7939]
           mles_sup8__009      0.7940 0.0007  0.7932  0.7947 0.0006  [0.7947 0.7931 0.7938 0.7942 0.7940]
           mles_sup8__010      0.7948 0.0007  0.7941  0.7955 0.0006  [0.7950 0.7945 0.7943 0.7946 0.7957]
           mles_sup8__011      0.7953 0.0006  0.7946  0.7959 0.0005  [0.7954 0.7951 0.7946 0.7952 0.7960]
           mles_sup8__012      0.7941 0.0006  0.7935  0.7948 0.0005  [0.7939 0.7942 0.7936 0.7941 0.7949]
           mles_sup8__013      0.7955 0.0008  0.7947  0.7964 0.0007  [0.7962 0.7954 0.7956 0.7945 0.7960]
           mles_sup8__014      0.7949 0.0010  0.7939  0.7958 0.0008  [0.7942 0.7957 0.7938 0.7951 0.7953]
           mles_sup8__015      0.7952 0.0015  0.7937  0.7968 0.0012  [0.7961 0.7945 0.7943 0.7943 0.7970]
           mles_sup8__016      0.7953 0.0011  0.7942  0.7964 0.0009  [0.7958 0.7947 0.7944 0.7951 0.7965]
           mles_sup8__017      0.7956 0.0010  0.7946  0.7966 0.0008  [0.7960 0.7955 0.7953 0.7945 0.7967]
           mles_sup8__023      0.7961 0.0007  0.7954  0.7968 0.0006  [0.7965 0.7966 0.7965 0.7953 0.7957]
           mles_sup8__024      0.7962 0.0007  0.7955  0.7969 0.0006  [0.7961 0.7964 0.7957 0.7957 0.7970]
           mles_sup8__025      0.7962 0.0006  0.7957  0.7968 0.0005  [0.7967 0.7962 0.7963 0.7955 0.7965]
           mles_sup8__026      0.7956 0.0003  0.7953  0.7959 0.0002  [0.7955 0.7959 0.7957 0.7952 0.7956]
           mles_sup8__027      0.7963 0.0007  0.7956  0.7970 0.0006  [0.7965 0.7964 0.7970 0.7954 0.7963]
           mles_sup8__028   ** 0.7959 0.0009  0.7950  0.7968 0.0007  [0.7960 0.7956 0.7966 0.7948 0.7966]
           mles_sup8__029      0.7966 0.0010  0.7956  0.7976 0.0008  [0.7963 0.7960 0.7967 0.7961 0.7979]
linear     mles_sup8__000      0.7840 0.0009  0.7831  0.7849 0.0007  [0.7834 0.7851 0.7832 0.7842 0.7840]
           mles_sup8__001      0.7851 0.0006  0.7846  0.7857 0.0005  [0.7857 0.7845 0.7850 0.7853 0.7851]
           mles_sup8__002      0.7866 0.0005  0.7861  0.7872 0.0004  [0.7867 0.7864 0.7872 0.7860 0.7868]
           mles_sup8__003      0.7880 0.0005  0.7876  0.7885 0.0004  [0.7879 0.7885 0.7881 0.7875 0.7881]
           mles_sup8__004      0.7898 0.0006  0.7892  0.7904 0.0005  [0.7898 0.7901 0.7897 0.7891 0.7904]
           mles_sup8__005      0.7897 0.0005  0.7892  0.7903 0.0004  [0.7895 0.7893 0.7904 0.7896 0.7899]
           mles_sup8__006      0.7887 0.0006  0.7881  0.7893 0.0005  [0.7888 0.7882 0.7895 0.7887 0.7883]
           mles_sup8__007      0.7901 0.0005  0.7896  0.7906 0.0004  [0.7900 0.7898 0.7908 0.7901 0.7899]
           mles_sup8__008      0.7904 0.0005  0.7900  0.7909 0.0004  [0.7899 0.7904 0.7908 0.7903 0.7908]
           mles_sup8__009      0.7910 0.0007  0.7903  0.7916 0.0005  [0.7902 0.7907 0.7910 0.7913 0.7916]
           mles_sup8__010      0.7919 0.0005  0.7914  0.7924 0.0004  [0.7921 0.7914 0.7917 0.7919 0.7925]
           mles_sup8__011      0.7919 0.0004  0.7915  0.7924 0.0004  [0.7915 0.7916 0.7921 0.7920 0.7924]
           mles_sup8__012      0.7907 0.0007  0.7900  0.7914 0.0006  [0.7904 0.7903 0.7911 0.7903 0.7915]
           mles_sup8__013      0.7918 0.0004  0.7914  0.7922 0.0003  [0.7918 0.7917 0.7920 0.7913 0.7922]
           mles_sup8__014      0.7914 0.0005  0.7909  0.7918 0.0004  [0.7911 0.7914 0.7916 0.7909 0.7918]
           mles_sup8__015      0.7922 0.0004  0.7918  0.7926 0.0003  [0.7917 0.7924 0.7923 0.7921 0.7925]
           mles_sup8__016      0.7923 0.0005  0.7919  0.7928 0.0004  [0.7918 0.7920 0.7927 0.7925 0.7926]
           mles_sup8__017      0.7926 0.0002  0.7924  0.7929 0.0002  [0.7927 0.7928 0.7924 0.7925 0.7928]
           mles_sup8__023      0.7925 0.0001  0.7923  0.7926 0.0001  [0.7925 0.7924 0.7924 0.7925 0.7926]
           mles_sup8__024      0.7922 0.0003  0.7919  0.7925 0.0002  [0.7920 0.7919 0.7923 0.7924 0.7925]
           mles_sup8__025      0.7924 0.0003  0.7920  0.7927 0.0003  [0.7922 0.7920 0.7926 0.7923 0.7927]
           mles_sup8__026   ** 0.7926 0.0005  0.7921  0.7930 0.0004  [0.7921 0.7925 0.7930 0.7924 0.7928]
           mles_sup8__027      0.7924 0.0005  0.7920  0.7929 0.0004  [0.7921 0.7927 0.7920 0.7924 0.7929]
           mles_sup8__028      0.7928 0.0002  0.7926  0.7930 0.0002  [0.7926 0.7927 0.7927 0.7929 0.7930]
           mles_sup8__029      0.7926 0.0004  0.7921  0.7930 0.0003  [0.7920 0.7926 0.7925 0.7929 0.7928]

------------------------------------------------------------------------------------------------------------------------
End of report.     Current time: 2022-10-13 07:55:31
------------------------------------------------------------------------------------------------------------------------
