------------------------------------------------------------------------------------------------------------------------
Vector testing report
Params:

Collected 5 files with 0 errors

------------------------------------------------------------------------------------------------------------------------
Metric: "auroc"
split_name                         scores_valid                                                                                                                                                                                 
                                           mean  t_pm t_int_l t_int_h   std               values t_f_stat t_f_alpha t_t_stat t_t_alpha t_delta t_delta_pm t_delta_l t_delta_h t_delta_pp t_delta_pm_pp t_delta_l_pp t_delta_h_pp
model_name feature_name                                                                                                                                                                                                         
nn         barlow_twins_finetuning        0.786 0.002   0.784   0.788 0.001  [0.786 0.787 0.786]    8.768     0.898   29.471     1.000   0.040      0.004     0.036     0.044      5.369         0.506        4.864        5.875
           cpc_finetuning                 0.779 0.005   0.774   0.783 0.002  [0.776 0.780 0.779]    1.414     0.586   19.343     1.000   0.033      0.005     0.028     0.037      4.362         0.626        3.736        4.988
           mles_finetuning                0.793 0.003   0.790   0.796 0.001  [0.792 0.792 0.794]    3.430     0.774   31.955     1.000   0.047      0.004     0.043     0.051      6.269         0.545        5.724        6.813
           rtd_finetuning                 0.774 0.014   0.760   0.789 0.006  [0.772 0.781 0.770]    0.150     0.130    7.969     0.999   0.028      0.010     0.019     0.038      3.809         1.327        2.482        5.136
           target_scores                  0.746 0.006   0.740   0.752 0.002  [0.746 0.744 0.748]    1.000     0.500    0.000     0.500   0.000      0.005    -0.005     0.005      0.000         0.678       -0.678        0.678
split_name                         scores_test                                                                                                                                                                                 
                                          mean  t_pm t_int_l t_int_h   std               values t_f_stat t_f_alpha t_t_stat t_t_alpha t_delta t_delta_pm t_delta_l t_delta_h t_delta_pp t_delta_pm_pp t_delta_l_pp t_delta_h_pp
model_name feature_name                                                                                                                                                                                                        
nn         barlow_twins_finetuning       0.788 0.004   0.784   0.792 0.002  [0.790 0.788 0.786]    6.225     0.862   15.634     1.000   0.041      0.007     0.034     0.048      5.480         0.973        4.507        6.453
           cpc_finetuning                0.777 0.011   0.766   0.788 0.004  [0.773 0.782 0.777]    0.931     0.482    8.633     1.000   0.030      0.010     0.020     0.040      4.045         1.301        2.744        5.346
           mles_finetuning               0.792 0.008   0.784   0.801 0.003  [0.788 0.793 0.795]    1.538     0.606   14.473     1.000   0.045      0.009     0.037     0.054      6.049         1.160        4.889        7.210
           rtd_finetuning                0.776 0.010   0.765   0.786 0.004  [0.773 0.780 0.773]    1.006     0.502    8.329     0.999   0.029      0.010     0.019     0.038      3.827         1.276        2.551        5.102
           target_scores                 0.747 0.010   0.736   0.757 0.004  [0.750 0.742 0.748]    1.000     0.500    0.000     0.500   0.000      0.010    -0.010     0.010      0.000         1.278       -1.278        1.278

------------------------------------------------------------------------------------------------------------------------
End of report.     Current time: 2023-02-24 23:08:59
------------------------------------------------------------------------------------------------------------------------
