------------------------------------------------------------------------------------------------------------------------
Vector testing report
Params:

Collected 45 files with 0 errors

------------------------------------------------------------------------------------------------------------------------
Metric: "auroc"
split_name                          scores_valid                                                                    
                                            mean   t_pm t_int_l t_int_h    std                                values
model_name feature_name                                                                                             
lgbm       rnn1024                        0.7829 0.0017  0.7812  0.7846 0.0014  [0.7853 0.7824 0.7823 0.7827 0.7819]
           rnn1024__shuffle               0.7688 0.0031  0.7657  0.7719 0.0025  [0.7725 0.7692 0.7657 0.7688 0.7677]
           rnn1024__stat                  0.7817 0.0025  0.7792  0.7843 0.0020  [0.7846 0.7812 0.7821 0.7819 0.7789]
           rnn1024__stat_shuffle          0.7702 0.0037  0.7664  0.7739 0.0030  [0.7749 0.7713 0.7675 0.7688 0.7684]
           rnn1024__stat_wotimefeat       0.7781 0.0032  0.7749  0.7814 0.0026  [0.7819 0.7766 0.7798 0.7759 0.7764]
           rnn1024__wotimefeat            0.7788 0.0019  0.7769  0.7808 0.0016  [0.7808 0.7773 0.7795 0.7793 0.7772]
           tabformer960__stat             0.7815 0.0042  0.7773  0.7857 0.0034  [0.7869 0.7814 0.7776 0.7805 0.7810]
           transf400                      0.7695 0.0028  0.7666  0.7723 0.0023  [0.7729 0.7680 0.7670 0.7705 0.7689]
           transf400__shuffle             0.7499 0.0023  0.7476  0.7522 0.0018  [0.7529 0.7482 0.7489 0.7492 0.7503]
split_name                          scores_test                                                                    
                                           mean   t_pm t_int_l t_int_h    std                                values
model_name feature_name                                                                                            
lgbm       rnn1024                       0.7866 0.0009  0.7857  0.7874 0.0007  [0.7872 0.7866 0.7871 0.7855 0.7864]
           rnn1024__shuffle              0.7707 0.0011  0.7695  0.7718 0.0009  [0.7717 0.7695 0.7708 0.7699 0.7714]
           rnn1024__stat                 0.7844 0.0007  0.7836  0.7851 0.0006  [0.7839 0.7852 0.7847 0.7837 0.7842]
           rnn1024__stat_shuffle         0.7706 0.0012  0.7695  0.7718 0.0009  [0.7705 0.7710 0.7717 0.7692 0.7708]
           rnn1024__stat_wotimefeat      0.7794 0.0009  0.7785  0.7803 0.0007  [0.7787 0.7804 0.7793 0.7797 0.7788]
           rnn1024__wotimefeat           0.7811 0.0011  0.7800  0.7822 0.0009  [0.7811 0.7804 0.7817 0.7800 0.7823]
           tabformer960__stat            0.7831 0.0007  0.7824  0.7838 0.0006  [0.7826 0.7828 0.7832 0.7840 0.7827]
           transf400                     0.7708 0.0011  0.7696  0.7719 0.0009  [0.7719 0.7702 0.7698 0.7704 0.7715]
           transf400__shuffle            0.7485 0.0009  0.7477  0.7494 0.0007  [0.7491 0.7481 0.7493 0.7476 0.7485]

------------------------------------------------------------------------------------------------------------------------
End of report.     Current time: 2022-12-01 15:45:21
------------------------------------------------------------------------------------------------------------------------
