------------------------------------------------------------------------------------------------------------------------
Vector testing report
Params:

Collected 50 files with 0 errors

------------------------------------------------------------------------------------------------------------------------
Metric: "auroc"
split_name              scores_valid                                                                    
                                mean   t_pm t_int_l t_int_h    std                                values
model_name feature_name                                                                                 
lgbm       mlm_400_cls        0.7577 0.0037  0.7540  0.7614 0.0030  [0.7620 0.7572 0.7551 0.7594 0.7549]
           mlm_400_stat       0.7584 0.0035  0.7549  0.7619 0.0028  [0.7623 0.7581 0.7557 0.7599 0.7559]
           mlm_600_cls        0.7579 0.0038  0.7541  0.7616 0.0030  [0.7621 0.7589 0.7540 0.7580 0.7562]
           mlm_600_stat       0.7591 0.0044  0.7548  0.7635 0.0035  [0.7643 0.7608 0.7562 0.7588 0.7557]
           tab_480_cls        0.7611 0.0028  0.7582  0.7639 0.0023  [0.7645 0.7618 0.7584 0.7605 0.7601]
           tab_480_stat       0.7800 0.0039  0.7762  0.7839 0.0031  [0.7847 0.7818 0.7779 0.7773 0.7784]
           tab_720_cls        0.7699 0.0038  0.7661  0.7738 0.0031  [0.7727 0.7704 0.7655 0.7683 0.7727]
           tab_720_stat       0.7812 0.0038  0.7774  0.7849 0.0030  [0.7854 0.7826 0.7775 0.7794 0.7809]
           tab_960_cls        0.7789 0.0049  0.7740  0.7838 0.0039  [0.7845 0.7791 0.7734 0.7780 0.7793]
           tab_960_stat       0.7862 0.0042  0.7821  0.7904 0.0034  [0.7911 0.7876 0.7820 0.7853 0.7853]
split_name              scores_test                                                                    
                               mean   t_pm t_int_l t_int_h    std                                values
model_name feature_name                                                                                
lgbm       mlm_400_cls       0.7599 0.0006  0.7593  0.7606 0.0005  [0.7595 0.7596 0.7596 0.7604 0.7605]
           mlm_400_stat      0.7610 0.0009  0.7601  0.7619 0.0007  [0.7603 0.7610 0.7608 0.7606 0.7622]
           mlm_600_cls       0.7601 0.0010  0.7591  0.7611 0.0008  [0.7596 0.7601 0.7596 0.7596 0.7614]
           mlm_600_stat      0.7620 0.0012  0.7608  0.7632 0.0010  [0.7613 0.7630 0.7615 0.7610 0.7631]
           tab_480_cls       0.7608 0.0011  0.7597  0.7619 0.0009  [0.7607 0.7614 0.7608 0.7594 0.7618]
           tab_480_stat      0.7840 0.0008  0.7832  0.7848 0.0007  [0.7841 0.7844 0.7835 0.7831 0.7848]
           tab_720_cls       0.7737 0.0013  0.7725  0.7750 0.0010  [0.7749 0.7739 0.7733 0.7722 0.7743]
           tab_720_stat      0.7866 0.0010  0.7856  0.7876 0.0008  [0.7868 0.7869 0.7853 0.7865 0.7874]
           tab_960_cls       0.7784 0.0004  0.7780  0.7788 0.0003  [0.7779 0.7788 0.7784 0.7786 0.7783]
           tab_960_stat      0.7880 0.0011  0.7870  0.7891 0.0009  [0.7886 0.7868 0.7875 0.7887 0.7886]

------------------------------------------------------------------------------------------------------------------------
End of report.     Current time: 2022-11-23 18:07:53
------------------------------------------------------------------------------------------------------------------------
